10.51174	6.186751	5.397714	4.378062	2.518393	3.656603	3.447244	1.166507	3.488799	2.446799	2.772339	5.378111	4.654507	4.473084	90	True	True
10.51174	6.186751	5.397714	4.378062	2.518393	3.656603	3.447244	1.166507	3.488799	2.446799	2.772339	5.378111	4.654507	4.473084	90	True	True
10.18155	6.213662	5.325204	4.408771	2.601134	3.566226	3.417751	1.203827	3.442299	2.422128	2.677523	5.382811	4.47124	4.455885	90	True	True
10.18155	6.213662	5.325204	4.408771	2.601134	3.566226	3.417751	1.203827	3.442299	2.422128	2.677523	5.382811	4.47124	4.455885	90	True	True
10.18155	6.213662	5.325204	4.408771	2.601134	3.566226	3.417751	1.203827	3.442299	2.422128	2.677523	5.382811	4.47124	4.455885	90	True	True
10.16762	6.203389	5.367934	4.478862	2.540523	3.630758	3.421535	1.161631	3.489755	2.456785	2.738243	5.333333	4.51722	4.433278	90	True	True
10.16762	6.203389	5.367934	4.478862	2.540523	3.630758	3.421535	1.161631	3.489755	2.456785	2.738243	5.333333	4.51722	4.433278	90	True	True
10.16762	6.203389	5.367934	4.478862	2.540523	3.630758	3.421535	1.161631	3.489755	2.456785	2.738243	5.333333	4.51722	4.433278	90	True	True
10.16762	6.203389	5.367934	4.478862	2.540523	3.630758	3.421535	1.161631	3.489755	2.456785	2.738243	5.333333	4.51722	4.433278	90	True	True
10.4112	5.65472	5.391799	4.261075	2.542449	3.590746	3.377713	1.15995	3.465481	2.378989	2.733653	5.201646	4.648688	4.503546	90	True	True
10.4112	5.65472	5.391799	4.261075	2.542449	3.590746	3.377713	1.15995	3.465481	2.378989	2.733653	5.201646	4.648688	4.503546	90	True	True
10.4112	5.65472	5.391799	4.261075	2.542449	3.590746	3.377713	1.15995	3.465481	2.378989	2.733653	5.201646	4.648688	4.503546	90	True	True
10.4112	5.65472	5.391799	4.261075	2.542449	3.590746	3.377713	1.15995	3.465481	2.378989	2.733653	5.201646	4.648688	4.503546	90	True	True
10.64878	5.75343	5.442698	4.357121	2.553432	3.577796	3.457913	1.14226	3.459948	2.269351	2.683438	5.257285	4.703357	4.43672	90	True	True
10.64878	5.75343	5.442698	4.357121	2.553432	3.577796	3.457913	1.14226	3.459948	2.269351	2.683438	5.257285	4.703357	4.43672	90	True	True
10.38934	6.157368	5.480182	4.361615	2.668944	3.443501	3.461984	1.242377	3.494632	2.271495	2.624807	5.084031	4.595249	4.307165	90	True	True
10.38934	6.157368	5.480182	4.361615	2.668944	3.443501	3.461984	1.242377	3.494632	2.271495	2.624807	5.084031	4.595249	4.307165	90	True	True
10.38934	6.157368	5.480182	4.361615	2.668944	3.443501	3.461984	1.242377	3.494632	2.271495	2.624807	5.084031	4.595249	4.307165	90	True	True
10.46141	6.199797	5.490618	4.425409	2.686347	3.469893	3.494577	1.240806	3.467298	2.227386	2.626296	5.096352	4.671391	4.320784	90	True	True
10.46141	6.199797	5.490618	4.425409	2.686347	3.469893	3.494577	1.240806	3.467298	2.227386	2.626296	5.096352	4.671391	4.320784	90	True	True
10.46141	6.199797	5.490618	4.425409	2.686347	3.469893	3.494577	1.240806	3.467298	2.227386	2.626296	5.096352	4.671391	4.320784	90	True	True
10.46141	6.199797	5.490618	4.425409	2.686347	3.469893	3.494577	1.240806	3.467298	2.227386	2.626296	5.096352	4.671391	4.320784	90	True	True
10.53219	6.090978	5.470592	4.440955	2.667196	3.478117	3.490083	1.2166	3.454566	2.18176	2.623086	5.152442	4.672061	4.324773	90	True	True
10.53219	6.090978	5.470592	4.440955	2.667196	3.478117	3.490083	1.2166	3.454566	2.18176	2.623086	5.152442	4.672061	4.324773	90	True	True
10.53219	6.090978	5.470592	4.440955	2.667196	3.478117	3.490083	1.2166	3.454566	2.18176	2.623086	5.152442	4.672061	4.324773	90	True	True
10.23789	6.361057	5.476575	4.479463	2.619425	3.444867	3.442135	1.241585	3.408462	2.301125	2.628154	4.968382	4.721074	4.333133	90	True	True
10.23789	6.361057	5.476575	4.479463	2.619425	3.444867	3.442135	1.241585	3.408462	2.301125	2.628154	4.968382	4.721074	4.333133	90	True	True
10.23789	6.361057	5.476575	4.479463	2.619425	3.444867	3.442135	1.241585	3.408462	2.301125	2.628154	4.968382	4.721074	4.333133	90	True	True
10.39972	6.485285	5.397468	4.469177	2.641077	3.523756	3.477215	1.265791	3.383327	2.311725	2.59276	4.984091	4.713807	4.337928	90	True	True
10.39972	6.485285	5.397468	4.469177	2.641077	3.523756	3.477215	1.265791	3.383327	2.311725	2.59276	4.984091	4.713807	4.337928	90	True	True
10.39972	6.485285	5.397468	4.469177	2.641077	3.523756	3.477215	1.265791	3.383327	2.311725	2.59276	4.984091	4.713807	4.337928	90	True	True
10.39972	6.485285	5.397468	4.469177	2.641077	3.523756	3.477215	1.265791	3.383327	2.311725	2.59276	4.984091	4.713807	4.337928	90	True	True
10.06049	5.904049	5.452369	4.406148	2.646418	3.53213	3.480084	1.237965	3.476887	2.53566	2.619425	5.029553	4.581247	4.341985	90	True	True
10.06049	5.904049	5.452369	4.406148	2.646418	3.53213	3.480084	1.237965	3.476887	2.53566	2.619425	5.029553	4.581247	4.341985	90	True	True
10.06049	5.904049	5.452369	4.406148	2.646418	3.53213	3.480084	1.237965	3.476887	2.53566	2.619425	5.029553	4.581247	4.341985	90	True	True
10.06049	5.904049	5.452369	4.406148	2.646418	3.53213	3.480084	1.237965	3.476887	2.53566	2.619425	5.029553	4.581247	4.341985	90	True	True
10.40233	5.9201	5.448885	4.396135	2.632539	3.542156	3.395744	1.239536	3.489701	2.511781	2.661895	5.191306	4.715924	4.358063	90	True	True
10.40233	5.9201	5.448885	4.396135	2.632539	3.542156	3.395744	1.239536	3.489701	2.511781	2.661895	5.191306	4.715924	4.358063	90	True	True
10.40233	5.9201	5.448885	4.396135	2.632539	3.542156	3.395744	1.239536	3.489701	2.511781	2.661895	5.191306	4.715924	4.358063	90	True	True
10.40233	5.9201	5.448885	4.396135	2.632539	3.542156	3.395744	1.239536	3.489701	2.511781	2.661895	5.191306	4.715924	4.358063	90	True	True
10.39203	6.104898	5.452806	4.446992	2.605109	3.566171	3.428338	1.217242	3.508443	2.397021	2.646555	5.189543	4.662444	4.410424	90	True	True
10.39203	6.104898	5.452806	4.446992	2.605109	3.566171	3.428338	1.217242	3.508443	2.397021	2.646555	5.189543	4.662444	4.410424	90	True	True
10.39203	6.104898	5.452806	4.446992	2.605109	3.566171	3.428338	1.217242	3.508443	2.397021	2.646555	5.189543	4.662444	4.410424	90	True	True
10.39203	6.104898	5.452806	4.446992	2.605109	3.566171	3.428338	1.217242	3.508443	2.397021	2.646555	5.189543	4.662444	4.410424	90	True	True
10.39203	6.104898	5.452806	4.446992	2.605109	3.566171	3.428338	1.217242	3.508443	2.397021	2.646555	5.189543	4.662444	4.410424	90	True	True
10.39203	6.104898	5.452806	4.446992	2.605109	3.566171	3.428338	1.217242	3.508443	2.397021	2.646555	5.189543	4.662444	4.410424	90	True	True
10.05422	6.22847	5.453011	4.443605	2.613292	3.513183	3.425019	1.210794	3.455249	2.404274	2.617485	5.106611	4.644098	4.374702	90	True	True
10.05422	6.22847	5.453011	4.443605	2.613292	3.513183	3.425019	1.210794	3.455249	2.404274	2.617485	5.106611	4.644098	4.374702	90	True	True
10.05422	6.22847	5.453011	4.443605	2.613292	3.513183	3.425019	1.210794	3.455249	2.404274	2.617485	5.106611	4.644098	4.374702	90	True	True
10.05422	6.22847	5.453011	4.443605	2.613292	3.513183	3.425019	1.210794	3.455249	2.404274	2.617485	5.106611	4.644098	4.374702	90	True	True
10.05422	6.22847	5.453011	4.443605	2.613292	3.513183	3.425019	1.210794	3.455249	2.404274	2.617485	5.106611	4.644098	4.374702	90	True	True
10.04333	5.812101	5.590612	4.325224	2.559251	3.599721	3.39875	1.147055	3.488853	2.520729	2.729569	5.146773	4.641434	4.381286	90	True	True
10.04333	5.812101	5.590612	4.325224	2.559251	3.599721	3.39875	1.147055	3.488853	2.520729	2.729569	5.146773	4.641434	4.381286	90	True	True
10.04333	5.812101	5.590612	4.325224	2.559251	3.599721	3.39875	1.147055	3.488853	2.520729	2.729569	5.146773	4.641434	4.381286	90	True	True
10.04333	5.812101	5.590612	4.325224	2.559251	3.599721	3.39875	1.147055	3.488853	2.520729	2.729569	5.146773	4.641434	4.381286	90	True	True
9.922919	6.084722	5.478078	4.397528	2.588758	3.657518	3.467967	1.207065	3.546514	2.632921	2.739664	5.184585	4.600235	4.503191	90	True	True
9.922919	6.084722	5.478078	4.397528	2.588758	3.657518	3.467967	1.207065	3.546514	2.632921	2.739664	5.184585	4.600235	4.503191	90	True	True
9.922919	6.084722	5.478078	4.397528	2.588758	3.657518	3.467967	1.207065	3.546514	2.632921	2.739664	5.184585	4.600235	4.503191	90	True	True
9.922919	6.084722	5.478078	4.397528	2.588758	3.657518	3.467967	1.207065	3.546514	2.632921	2.739664	5.184585	4.600235	4.503191	90	True	True
9.922919	6.084722	5.478078	4.397528	2.588758	3.657518	3.467967	1.207065	3.546514	2.632921	2.739664	5.184585	4.600235	4.503191	90	True	True
9.922919	6.084722	5.478078	4.397528	2.588758	3.657518	3.467967	1.207065	3.546514	2.632921	2.739664	5.184585	4.600235	4.503191	90	True	True
10.79011	6.384663	5.307733	4.375603	2.595629	3.668419	3.475986	1.21981	3.500902	2.385314	2.663152	5.120558	4.534009	4.423674	90	True	True
10.79011	6.384663	5.307733	4.375603	2.595629	3.668419	3.475986	1.21981	3.500902	2.385314	2.663152	5.120558	4.534009	4.423674	90	True	True
10.79011	6.384663	5.307733	4.375603	2.595629	3.668419	3.475986	1.21981	3.500902	2.385314	2.663152	5.120558	4.534009	4.423674	90	True	True
10.79011	6.384663	5.307733	4.375603	2.595629	3.668419	3.475986	1.21981	3.500902	2.385314	2.663152	5.120558	4.534009	4.423674	90	True	True
10.85807	6.593953	5.214091	4.334499	2.597063	3.692311	3.376838	1.217392	3.458186	2.416049	2.681102	5.179831	4.552642	4.488288	90	True	True
10.85807	6.593953	5.214091	4.334499	2.597063	3.692311	3.376838	1.217392	3.458186	2.416049	2.681102	5.179831	4.552642	4.488288	90	True	True
10.85807	6.593953	5.214091	4.334499	2.597063	3.692311	3.376838	1.217392	3.458186	2.416049	2.681102	5.179831	4.552642	4.488288	90	True	True
10.85807	6.593953	5.214091	4.334499	2.597063	3.692311	3.376838	1.217392	3.458186	2.416049	2.681102	5.179831	4.552642	4.488288	90	True	True
10.85807	6.593953	5.214091	4.334499	2.597063	3.692311	3.376838	1.217392	3.458186	2.416049	2.681102	5.179831	4.552642	4.488288	90	True	True
10.85807	6.593953	5.214091	4.334499	2.597063	3.692311	3.376838	1.217392	3.458186	2.416049	2.681102	5.179831	4.552642	4.488288	90	True	True
10.8161	6.220506	5.422822	4.343256	2.677222	3.439007	3.37371	1.210958	3.505369	2.477808	2.635298	5.055398	4.629222	4.363719	90	True	True
10.8161	6.220506	5.422822	4.343256	2.677222	3.439007	3.37371	1.210958	3.505369	2.477808	2.635298	5.055398	4.629222	4.363719	90	True	True
10.8161	6.220506	5.422822	4.343256	2.677222	3.439007	3.37371	1.210958	3.505369	2.477808	2.635298	5.055398	4.629222	4.363719	90	True	True
10.8161	6.220506	5.422822	4.343256	2.677222	3.439007	3.37371	1.210958	3.505369	2.477808	2.635298	5.055398	4.629222	4.363719	90	True	True
10.70798	6.64171	5.521545	4.464054	2.692467	3.464921	3.447695	1.245054	3.568808	2.415161	2.623837	5.013092	4.6687	4.316113	90	True	True
10.70798	6.64171	5.521545	4.464054	2.692467	3.464921	3.447695	1.245054	3.568808	2.415161	2.623837	5.013092	4.6687	4.316113	90	True	True
10.70798	6.64171	5.521545	4.464054	2.692467	3.464921	3.447695	1.245054	3.568808	2.415161	2.623837	5.013092	4.6687	4.316113	90	True	True
10.70798	6.64171	5.521545	4.464054	2.692467	3.464921	3.447695	1.245054	3.568808	2.415161	2.623837	5.013092	4.6687	4.316113	90	True	True
10.70798	6.64171	5.521545	4.464054	2.692467	3.464921	3.447695	1.245054	3.568808	2.415161	2.623837	5.013092	4.6687	4.316113	90	True	True
10.63652	6.432214	5.373631	4.40108	2.614111	3.476819	3.439171	1.194853	3.482337	2.431404	2.638113	5.014376	4.585386	4.366997	90	True	True
10.63652	6.432214	5.373631	4.40108	2.614111	3.476819	3.439171	1.194853	3.482337	2.431404	2.638113	5.014376	4.585386	4.366997	90	True	True
10.63652	6.432214	5.373631	4.40108	2.614111	3.476819	3.439171	1.194853	3.482337	2.431404	2.638113	5.014376	4.585386	4.366997	90	True	True
10.63652	6.432214	5.373631	4.40108	2.614111	3.476819	3.439171	1.194853	3.482337	2.431404	2.638113	5.014376	4.585386	4.366997	90	True	True
10.4976	5.489621	5.515412	4.425054	2.608114	3.439116	3.502241	1.183323	3.511284	2.372568	2.594044	5.04111	4.736073	4.304023	90	True	True
10.4976	5.489621	5.515412	4.425054	2.608114	3.439116	3.502241	1.183323	3.511284	2.372568	2.594044	5.04111	4.736073	4.304023	90	True	True
10.4976	5.489621	5.515412	4.425054	2.608114	3.439116	3.502241	1.183323	3.511284	2.372568	2.594044	5.04111	4.736073	4.304023	90	True	True
10.4976	5.489621	5.515412	4.425054	2.608114	3.439116	3.502241	1.183323	3.511284	2.372568	2.594044	5.04111	4.736073	4.304023	90	True	True
10.4976	5.489621	5.515412	4.425054	2.608114	3.439116	3.502241	1.183323	3.511284	2.372568	2.594044	5.04111	4.736073	4.304023	90	True	True
10.44317	5.617687	5.534919	4.437731	2.566286	3.513852	3.480876	1.173023	3.517581	2.274173	2.662264	4.993039	4.753367	4.372817	90	True	True
10.44317	5.617687	5.534919	4.437731	2.566286	3.513852	3.480876	1.173023	3.517581	2.274173	2.662264	4.993039	4.753367	4.372817	90	True	True
10.44317	5.617687	5.534919	4.437731	2.566286	3.513852	3.480876	1.173023	3.517581	2.274173	2.662264	4.993039	4.753367	4.372817	90	True	True
10.44317	5.617687	5.534919	4.437731	2.566286	3.513852	3.480876	1.173023	3.517581	2.274173	2.662264	4.993039	4.753367	4.372817	90	True	True
10.69502	5.99888	5.446577	4.419071	2.490102	3.661371	3.495083	1.113109	3.557866	2.398332	2.739459	4.960295	4.643797	4.425354	90	True	True
10.69502	5.99888	5.446577	4.419071	2.490102	3.661371	3.495083	1.113109	3.557866	2.398332	2.739459	4.960295	4.643797	4.425354	90	True	True
10.69502	5.99888	5.446577	4.419071	2.490102	3.661371	3.495083	1.113109	3.557866	2.398332	2.739459	4.960295	4.643797	4.425354	90	True	True
10.69502	5.99888	5.446577	4.419071	2.490102	3.661371	3.495083	1.113109	3.557866	2.398332	2.739459	4.960295	4.643797	4.425354	90	True	True
10.69502	5.99888	5.446577	4.419071	2.490102	3.661371	3.495083	1.113109	3.557866	2.398332	2.739459	4.960295	4.643797	4.425354	90	True	True
10.69502	5.99888	5.446577	4.419071	2.490102	3.661371	3.495083	1.113109	3.557866	2.398332	2.739459	4.960295	4.643797	4.425354	90	True	True
10.61978	5.673981	5.366254	4.296728	2.547913	3.718252	3.401796	1.190577	3.470398	2.378497	2.723107	5.037544	4.65795	4.451746	90	True	True
10.61978	5.673981	5.366254	4.296728	2.547913	3.718252	3.401796	1.190577	3.470398	2.378497	2.723107	5.037544	4.65795	4.451746	90	True	True
10.61978	5.673981	5.366254	4.296728	2.547913	3.718252	3.401796	1.190577	3.470398	2.378497	2.723107	5.037544	4.65795	4.451746	90	True	True
10.10414	6.149048	5.412508	4.248097	2.573444	3.514016	3.290273	1.214182	3.448378	2.547531	2.740593	4.964393	4.678509	4.512139	90	True	True
10.10414	6.149048	5.412508	4.248097	2.573444	3.514016	3.290273	1.214182	3.448378	2.547531	2.740593	4.964393	4.678509	4.512139	90	True	True
10.10414	6.149048	5.412508	4.248097	2.573444	3.514016	3.290273	1.214182	3.448378	2.547531	2.740593	4.964393	4.678509	4.512139	90	True	True
10.10414	6.149048	5.412508	4.248097	2.573444	3.514016	3.290273	1.214182	3.448378	2.547531	2.740593	4.964393	4.678509	4.512139	90	True	True
10.10414	6.149048	5.412508	4.248097	2.573444	3.514016	3.290273	1.214182	3.448378	2.547531	2.740593	4.964393	4.678509	4.512139	90	True	True
10.48492	6.177271	5.606362	4.321823	2.679271	3.40726	3.331363	1.324558	3.504085	2.562926	2.641159	4.929272	4.766741	4.349334	90	True	True
10.48492	6.177271	5.606362	4.321823	2.679271	3.40726	3.331363	1.324558	3.504085	2.562926	2.641159	4.929272	4.766741	4.349334	90	True	True
10.48492	6.177271	5.606362	4.321823	2.679271	3.40726	3.331363	1.324558	3.504085	2.562926	2.641159	4.929272	4.766741	4.349334	90	True	True
10.48492	6.177271	5.606362	4.321823	2.679271	3.40726	3.331363	1.324558	3.504085	2.562926	2.641159	4.929272	4.766741	4.349334	90	True	True
10.82575	5.972679	5.442042	4.4331	2.714911	3.630812	3.397712	1.344352	3.568589	2.294909	2.674149	5.204433	4.816902	4.349826	90	True	True
10.82575	5.972679	5.442042	4.4331	2.714911	3.630812	3.397712	1.344352	3.568589	2.294909	2.674149	5.204433	4.816902	4.349826	90	True	True
10.82575	5.972679	5.442042	4.4331	2.714911	3.630812	3.397712	1.344352	3.568589	2.294909	2.674149	5.204433	4.816902	4.349826	90	True	True
10.82575	5.972679	5.442042	4.4331	2.714911	3.630812	3.397712	1.344352	3.568589	2.294909	2.674149	5.204433	4.816902	4.349826	90	True	True
10.82575	5.972679	5.442042	4.4331	2.714911	3.630812	3.397712	1.344352	3.568589	2.294909	2.674149	5.204433	4.816902	4.349826	90	True	True
11.219	6.235614	5.371513	4.378417	2.644642	3.806061	3.327306	1.309545	3.702529	2.593826	2.851829	5.527009	4.855588	4.606532	90	True	True
11.219	6.235614	5.371513	4.378417	2.644642	3.806061	3.327306	1.309545	3.702529	2.593826	2.851829	5.527009	4.855588	4.606532	90	True	True
11.219	6.235614	5.371513	4.378417	2.644642	3.806061	3.327306	1.309545	3.702529	2.593826	2.851829	5.527009	4.855588	4.606532	90	True	True
10.40166	5.851867	5.354233	4.335988	2.566505	3.759056	3.356075	1.225411	3.602767	2.43598	2.797297	5.315178	4.642363	4.619701	90	True	True
10.40166	5.851867	5.354233	4.335988	2.566505	3.759056	3.356075	1.225411	3.602767	2.43598	2.797297	5.315178	4.642363	4.619701	90	True	True
10.40166	5.851867	5.354233	4.335988	2.566505	3.759056	3.356075	1.225411	3.602767	2.43598	2.797297	5.315178	4.642363	4.619701	90	True	True
10.40166	5.851867	5.354233	4.335988	2.566505	3.759056	3.356075	1.225411	3.602767	2.43598	2.797297	5.315178	4.642363	4.619701	90	True	True
10.40166	5.851867	5.354233	4.335988	2.566505	3.759056	3.356075	1.225411	3.602767	2.43598	2.797297	5.315178	4.642363	4.619701	90	True	True
10.54182	5.732174	5.3871	4.29696	2.63217	3.704537	3.425538	1.285421	3.561882	2.237467	2.716496	5.057379	4.575605	4.455844	90	True	True
10.54182	5.732174	5.3871	4.29696	2.63217	3.704537	3.425538	1.285421	3.561882	2.237467	2.716496	5.057379	4.575605	4.455844	90	True	True
10.54182	5.732174	5.3871	4.29696	2.63217	3.704537	3.425538	1.285421	3.561882	2.237467	2.716496	5.057379	4.575605	4.455844	90	True	True
10.54182	5.732174	5.3871	4.29696	2.63217	3.704537	3.425538	1.285421	3.561882	2.237467	2.716496	5.057379	4.575605	4.455844	90	True	True
10.54182	5.732174	5.3871	4.29696	2.63217	3.704537	3.425538	1.285421	3.561882	2.237467	2.716496	5.057379	4.575605	4.455844	90	True	True
10.54182	5.732174	5.3871	4.29696	2.63217	3.704537	3.425538	1.285421	3.561882	2.237467	2.716496	5.057379	4.575605	4.455844	90	True	True
10.55466	5.879761	5.319795	4.314296	2.634329	3.680891	3.417123	1.281145	3.525805	2.244284	2.715621	5.111174	4.56622	4.522247	90	True	True
10.55466	5.879761	5.319795	4.314296	2.634329	3.680891	3.417123	1.281145	3.525805	2.244284	2.715621	5.111174	4.56622	4.522247	90	True	True
10.55466	5.879761	5.319795	4.314296	2.634329	3.680891	3.417123	1.281145	3.525805	2.244284	2.715621	5.111174	4.56622	4.522247	90	True	True
10.55466	5.879761	5.319795	4.314296	2.634329	3.680891	3.417123	1.281145	3.525805	2.244284	2.715621	5.111174	4.56622	4.522247	90	True	True
10.55404	6.133284	5.362129	4.254545	2.679927	3.73235	3.357413	1.349871	3.534575	2.549825	2.725621	5.065384	4.662786	4.515663	90	True	True
10.55404	6.133284	5.362129	4.254545	2.679927	3.73235	3.357413	1.349871	3.534575	2.549825	2.725621	5.065384	4.662786	4.515663	90	True	True
10.55404	6.133284	5.362129	4.254545	2.679927	3.73235	3.357413	1.349871	3.534575	2.549825	2.725621	5.065384	4.662786	4.515663	90	True	True
10.55404	6.133284	5.362129	4.254545	2.679927	3.73235	3.357413	1.349871	3.534575	2.549825	2.725621	5.065384	4.662786	4.515663	90	True	True
10.55404	6.133284	5.362129	4.254545	2.679927	3.73235	3.357413	1.349871	3.534575	2.549825	2.725621	5.065384	4.662786	4.515663	90	True	True
10.56438	6.081826	5.36165	4.286784	2.668657	3.688964	3.385472	1.298603	3.475084	2.597213	2.658371	4.972207	4.571698	4.388649	90	True	True
10.56438	6.081826	5.36165	4.286784	2.668657	3.688964	3.385472	1.298603	3.475084	2.597213	2.658371	4.972207	4.571698	4.388649	90	True	True
10.56438	6.081826	5.36165	4.286784	2.668657	3.688964	3.385472	1.298603	3.475084	2.597213	2.658371	4.972207	4.571698	4.388649	90	True	True
10.03182	5.793523	5.470483	4.342217	2.749581	3.583042	3.411044	1.345813	3.430565	2.356094	2.579742	4.835535	4.632186	4.378062	90	True	True
10.03182	5.793523	5.470483	4.342217	2.749581	3.583042	3.411044	1.345813	3.430565	2.356094	2.579742	4.835535	4.632186	4.378062	90	True	True
10.03182	5.793523	5.470483	4.342217	2.749581	3.583042	3.411044	1.345813	3.430565	2.356094	2.579742	4.835535	4.632186	4.378062	90	True	True
10.03182	5.793523	5.470483	4.342217	2.749581	3.583042	3.411044	1.345813	3.430565	2.356094	2.579742	4.835535	4.632186	4.378062	90	True	True
10.28549	5.690101	5.437069	4.356178	2.729282	3.651521	3.400649	1.388461	3.474633	2.346846	2.61239	4.965704	4.711102	4.365153	90	True	True
10.28549	5.690101	5.437069	4.356178	2.729282	3.651521	3.400649	1.388461	3.474633	2.346846	2.61239	4.965704	4.711102	4.365153	90	True	True
10.28549	5.690101	5.437069	4.356178	2.729282	3.651521	3.400649	1.388461	3.474633	2.346846	2.61239	4.965704	4.711102	4.365153	90	True	True
10.28549	5.690101	5.437069	4.356178	2.729282	3.651521	3.400649	1.388461	3.474633	2.346846	2.61239	4.965704	4.711102	4.365153	90	True	True
10.26454	5.727476	5.39673	4.277822	2.656158	3.560243	3.347428	1.338368	3.394365	2.196869	2.578676	4.938124	4.567026	4.368295	90	True	True
10.26454	5.727476	5.39673	4.277822	2.656158	3.560243	3.347428	1.338368	3.394365	2.196869	2.578676	4.938124	4.567026	4.368295	90	True	True
10.09673	5.628656	5.37833	4.274749	2.655352	3.530586	3.348138	1.325295	3.389515	2.243328	2.587323	4.928985	4.522726	4.379988	90	True	True
10.09673	5.628656	5.37833	4.274749	2.655352	3.530586	3.348138	1.325295	3.389515	2.243328	2.587323	4.928985	4.522726	4.379988	90	True	True
10.09673	5.628656	5.37833	4.274749	2.655352	3.530586	3.348138	1.325295	3.389515	2.243328	2.587323	4.928985	4.522726	4.379988	90	True	True
10.09673	5.628656	5.37833	4.274749	2.655352	3.530586	3.348138	1.325295	3.389515	2.243328	2.587323	4.928985	4.522726	4.379988	90	True	True
10.30751	5.586541	5.420431	4.31043	2.655857	3.528359	3.354326	1.315064	3.41924	2.211431	2.595178	4.904438	4.548462	4.340633	90	True	True
10.30751	5.586541	5.420431	4.31043	2.655857	3.528359	3.354326	1.315064	3.41924	2.211431	2.595178	4.904438	4.548462	4.340633	90	True	True
10.30751	5.586541	5.420431	4.31043	2.655857	3.528359	3.354326	1.315064	3.41924	2.211431	2.595178	4.904438	4.548462	4.340633	90	True	True
10.6945	5.312309	5.468953	4.453372	2.625627	3.511229	3.474565	1.240642	3.477775	2.216021	2.572379	5.043364	4.576971	4.27759	90	True	True
10.6945	5.312309	5.468953	4.453372	2.625627	3.511229	3.474565	1.240642	3.477775	2.216021	2.572379	5.043364	4.576971	4.27759	90	True	True
10.6945	5.312309	5.468953	4.453372	2.625627	3.511229	3.474565	1.240642	3.477775	2.216021	2.572379	5.043364	4.576971	4.27759	90	True	True
10.89033	5.527009	5.461385	4.455926	2.566505	3.568644	3.45111	1.211914	3.520915	2.242358	2.640421	5.285944	4.555346	4.384141	90	True	True
10.89033	5.527009	5.461385	4.455926	2.566505	3.568644	3.45111	1.211914	3.520915	2.242358	2.640421	5.285944	4.555346	4.384141	90	True	True
10.89033	5.527009	5.461385	4.455926	2.566505	3.568644	3.45111	1.211914	3.520915	2.242358	2.640421	5.285944	4.555346	4.384141	90	True	True
10.89033	5.527009	5.461385	4.455926	2.566505	3.568644	3.45111	1.211914	3.520915	2.242358	2.640421	5.285944	4.555346	4.384141	90	True	True
10.79102	5.635405	5.440894	4.409618	2.525688	3.626113	3.453268	1.176698	3.505929	2.273052	2.659108	5.314891	4.55174	4.424029	90	True	True
10.79102	5.635405	5.440894	4.409618	2.525688	3.626113	3.453268	1.176698	3.505929	2.273052	2.659108	5.314891	4.55174	4.424029	90	True	True
10.79102	5.635405	5.440894	4.409618	2.525688	3.626113	3.453268	1.176698	3.505929	2.273052	2.659108	5.314891	4.55174	4.424029	90	True	True
10.31227	5.805654	5.536298	4.547082	2.68897	3.599188	3.404897	1.227487	3.529698	2.140738	2.672755	5.011562	4.762424	4.328298	90	True	True
10.31227	5.805654	5.536298	4.547082	2.68897	3.599188	3.404897	1.227487	3.529698	2.140738	2.672755	5.011562	4.762424	4.328298	90	True	True
10.31227	5.805654	5.536298	4.547082	2.68897	3.599188	3.404897	1.227487	3.529698	2.140738	2.672755	5.011562	4.762424	4.328298	90	True	True
10.20869	5.684199	5.64121	4.604879	2.735729	3.536173	3.470398	1.294368	3.618654	2.097694	2.633591	4.854536	4.743505	4.243398	90	True	True
10.20869	5.684199	5.64121	4.604879	2.735729	3.536173	3.470398	1.294368	3.618654	2.097694	2.633591	4.854536	4.743505	4.243398	90	True	True
10.20869	5.684199	5.64121	4.604879	2.735729	3.536173	3.470398	1.294368	3.618654	2.097694	2.633591	4.854536	4.743505	4.243398	90	True	True
10.46115	5.858724	5.633492	4.495706	2.620095	3.537894	3.309015	1.208363	3.528469	2.483245	2.722534	4.948779	4.768995	4.348884	90	True	True
10.46115	5.858724	5.633492	4.495706	2.620095	3.537894	3.309015	1.208363	3.528469	2.483245	2.722534	4.948779	4.768995	4.348884	90	True	True
10.46115	5.858724	5.633492	4.495706	2.620095	3.537894	3.309015	1.208363	3.528469	2.483245	2.722534	4.948779	4.768995	4.348884	90	True	True
10.66983	6.110799	5.611403	4.607297	2.653795	3.640183	3.370691	1.233839	3.58561	2.531343	2.780522	5.237792	4.766905	4.465543	90	True	True
10.66983	6.110799	5.611403	4.607297	2.653795	3.640183	3.370691	1.233839	3.58561	2.531343	2.780522	5.237792	4.766905	4.465543	90	True	True
10.66983	6.110799	5.611403	4.607297	2.653795	3.640183	3.370691	1.233839	3.58561	2.531343	2.780522	5.237792	4.766905	4.465543	90	True	True
10.66983	6.110799	5.611403	4.607297	2.653795	3.640183	3.370691	1.233839	3.58561	2.531343	2.780522	5.237792	4.766905	4.465543	90	True	True
10.66983	6.110799	5.611403	4.607297	2.653795	3.640183	3.370691	1.233839	3.58561	2.531343	2.780522	5.237792	4.766905	4.465543	90	True	True
10.66424	5.907806	5.485509	4.563379	2.698628	3.622821	3.316528	1.255846	3.498935	2.423494	2.692317	5.184243	4.750321	4.344198	90	True	True
10.66424	5.907806	5.485509	4.563379	2.698628	3.622821	3.316528	1.255846	3.498935	2.423494	2.692317	5.184243	4.750321	4.344198	90	True	True
10.66424	5.907806	5.485509	4.563379	2.698628	3.622821	3.316528	1.255846	3.498935	2.423494	2.692317	5.184243	4.750321	4.344198	90	True	True
10.47088	6.214168	5.556898	4.52528	2.673124	3.575938	3.369639	1.299655	3.556554	2.483887	2.690855	5.07481	4.704696	4.33047	90	True	True
10.47088	6.214168	5.556898	4.52528	2.673124	3.575938	3.369639	1.299655	3.556554	2.483887	2.690855	5.07481	4.704696	4.33047	90	True	True
10.47088	6.214168	5.556898	4.52528	2.673124	3.575938	3.369639	1.299655	3.556554	2.483887	2.690855	5.07481	4.704696	4.33047	90	True	True
10.47088	6.214168	5.556898	4.52528	2.673124	3.575938	3.369639	1.299655	3.556554	2.483887	2.690855	5.07481	4.704696	4.33047	90	True	True
10.32822	6.111769	5.622386	4.500719	2.675255	3.52948	3.357823	1.286937	3.523414	2.493791	2.717356	5.051054	4.766618	4.367393	90	True	True
10.32822	6.111769	5.622386	4.500719	2.675255	3.52948	3.357823	1.286937	3.523414	2.493791	2.717356	5.051054	4.766618	4.367393	90	True	True
10.32822	6.111769	5.622386	4.500719	2.675255	3.52948	3.357823	1.286937	3.523414	2.493791	2.717356	5.051054	4.766618	4.367393	90	True	True
10.32822	6.111769	5.622386	4.500719	2.675255	3.52948	3.357823	1.286937	3.523414	2.493791	2.717356	5.051054	4.766618	4.367393	90	True	True
10.41921	6.113081	5.626539	4.562573	2.689189	3.5721	3.370978	1.286937	3.541432	2.531958	2.731372	5.175364	4.766249	4.398416	90	True	True
10.41921	6.113081	5.626539	4.562573	2.689189	3.5721	3.370978	1.286937	3.541432	2.531958	2.731372	5.175364	4.766249	4.398416	90	True	True
10.41921	6.113081	5.626539	4.562573	2.689189	3.5721	3.370978	1.286937	3.541432	2.531958	2.731372	5.175364	4.766249	4.398416	90	True	True
10.41921	6.113081	5.626539	4.562573	2.689189	3.5721	3.370978	1.286937	3.541432	2.531958	2.731372	5.175364	4.766249	4.398416	90	True	True
10.41921	6.113081	5.626539	4.562573	2.689189	3.5721	3.370978	1.286937	3.541432	2.531958	2.731372	5.175364	4.766249	4.398416	90	True	True
10.20413	6.416546	5.555696	4.400588	2.750797	3.591006	3.405307	1.321744	3.433133	2.387199	2.625326	4.770566	4.776426	4.29304	90	True	True
10.20413	6.416546	5.555696	4.400588	2.750797	3.591006	3.405307	1.321744	3.433133	2.387199	2.625326	4.770566	4.776426	4.29304	90	True	True
10.02354	5.966177	5.511109	4.357203	2.818347	3.622288	3.441671	1.377424	3.429486	2.347188	2.606311	4.80249	4.773271	4.285281	90	True	True
10.02354	5.966177	5.511109	4.357203	2.818347	3.622288	3.441671	1.377424	3.429486	2.347188	2.606311	4.80249	4.773271	4.285281	90	True	True
10.02354	5.966177	5.511109	4.357203	2.818347	3.622288	3.441671	1.377424	3.429486	2.347188	2.606311	4.80249	4.773271	4.285281	90	True	True
10.70245	6.029124	5.425772	4.373131	2.677372	3.656876	3.390444	1.317591	3.452408	2.323978	2.670488	4.951361	4.7202	4.360795	90	True	True
10.70245	6.029124	5.425772	4.373131	2.677372	3.656876	3.390444	1.317591	3.452408	2.323978	2.670488	4.951361	4.7202	4.360795	90	True	True
10.70245	6.029124	5.425772	4.373131	2.677372	3.656876	3.390444	1.317591	3.452408	2.323978	2.670488	4.951361	4.7202	4.360795	90	True	True
10.70245	6.029124	5.425772	4.373131	2.677372	3.656876	3.390444	1.317591	3.452408	2.323978	2.670488	4.951361	4.7202	4.360795	90	True	True
10.88439	6.501582	5.388452	4.420805	2.584291	3.918158	3.240877	1.327659	3.582331	2.425434	2.817378	5.455812	4.870368	4.624905	90	True	True
10.88439	6.501582	5.388452	4.420805	2.584291	3.918158	3.240877	1.327659	3.582331	2.425434	2.817378	5.455812	4.870368	4.624905	90	True	True
10.88439	6.501582	5.388452	4.420805	2.584291	3.918158	3.240877	1.327659	3.582331	2.425434	2.817378	5.455812	4.870368	4.624905	90	True	True
9.983407	6.852722	5.482722	4.151997	2.510456	3.681738	3.026013	1.255696	3.431371	2.448643	2.813334	5.202848	4.908399	4.66131	90	True	True
9.983407	6.852722	5.482722	4.151997	2.510456	3.681738	3.026013	1.255696	3.431371	2.448643	2.813334	5.202848	4.908399	4.66131	90	True	True
9.983407	6.852722	5.482722	4.151997	2.510456	3.681738	3.026013	1.255696	3.431371	2.448643	2.813334	5.202848	4.908399	4.66131	90	True	True
10.83195	6.148953	5.428012	4.272372	2.653644	3.683118	3.333959	1.294218	3.40823	2.183099	2.65512	4.869043	4.811246	4.322273	90	True	True
10.83195	6.148953	5.428012	4.272372	2.653644	3.683118	3.333959	1.294218	3.40823	2.183099	2.65512	4.869043	4.811246	4.322273	90	True	True
10.83195	6.148953	5.428012	4.272372	2.653644	3.683118	3.333959	1.294218	3.40823	2.183099	2.65512	4.869043	4.811246	4.322273	90	True	True
10.83195	6.148953	5.428012	4.272372	2.653644	3.683118	3.333959	1.294218	3.40823	2.183099	2.65512	4.869043	4.811246	4.322273	90	True	True
10.49623	6.362328	5.385324	4.236049	2.781437	3.673378	3.259783	1.391425	3.319424	2.158128	2.620327	4.798529	4.743054	4.425983	90	True	True
10.49623	6.362328	5.385324	4.236049	2.781437	3.673378	3.259783	1.391425	3.319424	2.158128	2.620327	4.798529	4.743054	4.425983	90	True	True
10.42008	6.483127	5.518034	4.361205	2.696675	3.674498	3.348193	1.346688	3.430332	2.142746	2.63329	5.036329	4.738218	4.368787	90	True	True
10.42008	6.483127	5.518034	4.361205	2.696675	3.674498	3.348193	1.346688	3.430332	2.142746	2.63329	5.036329	4.738218	4.368787	90	True	True
10.42008	6.483127	5.518034	4.361205	2.696675	3.674498	3.348193	1.346688	3.430332	2.142746	2.63329	5.036329	4.738218	4.368787	90	True	True
10.42008	6.483127	5.518034	4.361205	2.696675	3.674498	3.348193	1.346688	3.430332	2.142746	2.63329	5.036329	4.738218	4.368787	90	True	True
10.32643	6.737373	5.511395	4.316386	2.703423	3.674184	3.223788	1.353067	3.432504	2.2046	2.649738	5.146814	4.773967	4.436979	90	True	True
10.32643	6.737373	5.511395	4.316386	2.703423	3.674184	3.223788	1.353067	3.432504	2.2046	2.649738	5.146814	4.773967	4.436979	90	True	True
10.32643	6.737373	5.511395	4.316386	2.703423	3.674184	3.223788	1.353067	3.432504	2.2046	2.649738	5.146814	4.773967	4.436979	90	True	True
10.34811	6.660179	5.51772	4.341316	2.692249	3.688172	3.302922	1.347412	3.479182	2.194451	2.656964	5.098388	4.70445	4.410151	90	True	True
10.34811	6.660179	5.51772	4.341316	2.692249	3.688172	3.302922	1.347412	3.479182	2.194451	2.656964	5.098388	4.70445	4.410151	90	True	True
10.34811	6.660179	5.51772	4.341316	2.692249	3.688172	3.302922	1.347412	3.479182	2.194451	2.656964	5.098388	4.70445	4.410151	90	True	True
10.16248	6.674905	5.547322	4.344827	2.70819	3.757813	3.208761	1.366591	3.45473	2.303078	2.719078	5.257394	4.863088	4.532848	90	True	True
10.16248	6.674905	5.547322	4.344827	2.70819	3.757813	3.208761	1.366591	3.45473	2.303078	2.719078	5.257394	4.863088	4.532848	90	True	True
10.16248	6.674905	5.547322	4.344827	2.70819	3.757813	3.208761	1.366591	3.45473	2.303078	2.719078	5.257394	4.863088	4.532848	90	True	True
9.966455	6.703468	5.553934	4.309706	2.712671	3.693472	3.204117	1.37629	3.443843	2.221143	2.694639	5.13053	4.840712	4.524583	90	True	True
9.966455	6.703468	5.553934	4.309706	2.712671	3.693472	3.204117	1.37629	3.443843	2.221143	2.694639	5.13053	4.840712	4.524583	90	True	True
10.58643	6.26385	5.603672	4.240571	2.742382	3.69544	3.27082	1.378994	3.39655	2.120152	2.683219	4.956811	4.839059	4.465543	90	True	True
10.58643	6.26385	5.603672	4.240571	2.742382	3.69544	3.27082	1.378994	3.39655	2.120152	2.683219	4.956811	4.839059	4.465543	90	True	True
10.58643	6.26385	5.603672	4.240571	2.742382	3.69544	3.27082	1.378994	3.39655	2.120152	2.683219	4.956811	4.839059	4.465543	90	True	True
10.4277	6.211886	5.691371	4.230175	2.73323	3.676315	3.313509	1.373298	3.451397	2.086001	2.681102	4.940979	4.829497	4.440476	90	True	True
10.4277	6.211886	5.691371	4.230175	2.73323	3.676315	3.313509	1.373298	3.451397	2.086001	2.681102	4.940979	4.829497	4.440476	90	True	True
10.4277	6.211886	5.691371	4.230175	2.73323	3.676315	3.313509	1.373298	3.451397	2.086001	2.681102	4.940979	4.829497	4.440476	90	True	True
10.4277	6.211886	5.691371	4.230175	2.73323	3.676315	3.313509	1.373298	3.451397	2.086001	2.681102	4.940979	4.829497	4.440476	90	True	True
10.4277	6.211886	5.691371	4.230175	2.73323	3.676315	3.313509	1.373298	3.451397	2.086001	2.681102	4.940979	4.829497	4.440476	90	True	True
10.57782	6.123654	5.687956	4.247319	2.717493	3.689661	3.314342	1.363148	3.418393	2.103937	2.677004	4.930816	4.86985	4.422431	90	True	True
10.57782	6.123654	5.687956	4.247319	2.717493	3.689661	3.314342	1.363148	3.418393	2.103937	2.677004	4.930816	4.86985	4.422431	90	True	True
10.57782	6.123654	5.687956	4.247319	2.717493	3.689661	3.314342	1.363148	3.418393	2.103937	2.677004	4.930816	4.86985	4.422431	90	True	True
10.44311	6.065529	5.491369	4.166682	2.649369	3.72526	3.352222	1.293166	3.474688	2.340672	2.67225	5.035714	4.817394	4.404864	90	True	True
10.44311	6.065529	5.491369	4.166682	2.649369	3.72526	3.352222	1.293166	3.474688	2.340672	2.67225	5.035714	4.817394	4.404864	90	True	True
10.44311	6.065529	5.491369	4.166682	2.649369	3.72526	3.352222	1.293166	3.474688	2.340672	2.67225	5.035714	4.817394	4.404864	90	True	True
10.44311	6.065529	5.491369	4.166682	2.649369	3.72526	3.352222	1.293166	3.474688	2.340672	2.67225	5.035714	4.817394	4.404864	90	True	True
10.44311	6.065529	5.491369	4.166682	2.649369	3.72526	3.352222	1.293166	3.474688	2.340672	2.67225	5.035714	4.817394	4.404864	90	True	True
10.42305	6.143502	5.56433	4.230352	2.624725	3.810583	3.369066	1.313288	3.563863	2.278476	2.718873	5.197152	4.830385	4.461637	90	True	True
10.42305	6.143502	5.56433	4.230352	2.624725	3.810583	3.369066	1.313288	3.563863	2.278476	2.718873	5.197152	4.830385	4.461637	90	True	True
10.42305	6.143502	5.56433	4.230352	2.624725	3.810583	3.369066	1.313288	3.563863	2.278476	2.718873	5.197152	4.830385	4.461637	90	True	True
10.41074	6.410836	5.663586	4.242606	2.628905	3.864569	3.252925	1.342753	3.628121	2.120794	2.831298	5.291013	4.905722	4.596778	90	True	True
10.41074	6.410836	5.663586	4.242606	2.628905	3.864569	3.252925	1.342753	3.628121	2.120794	2.831298	5.291013	4.905722	4.596778	90	True	True
10.41074	6.410836	5.663586	4.242606	2.628905	3.864569	3.252925	1.342753	3.628121	2.120794	2.831298	5.291013	4.905722	4.596778	90	True	True
10.41074	6.410836	5.663586	4.242606	2.628905	3.864569	3.252925	1.342753	3.628121	2.120794	2.831298	5.291013	4.905722	4.596778	90	True	True
10.41074	6.410836	5.663586	4.242606	2.628905	3.864569	3.252925	1.342753	3.628121	2.120794	2.831298	5.291013	4.905722	4.596778	90	True	True
10.28137	6.521676	5.596745	4.156751	2.664914	3.777921	3.293305	1.35248	3.531638	2.090878	2.731864	5.075124	4.800441	4.461896	90	True	True
10.28137	6.521676	5.596745	4.156751	2.664914	3.777921	3.293305	1.35248	3.531638	2.090878	2.731864	5.075124	4.800441	4.461896	90	True	True
10.28137	6.521676	5.596745	4.156751	2.664914	3.777921	3.293305	1.35248	3.531638	2.090878	2.731864	5.075124	4.800441	4.461896	90	True	True
10.46675	6.406615	5.635405	4.229383	2.807419	3.689552	3.374052	1.432994	3.483908	2.163373	2.667114	4.884548	4.788188	4.369456	90	True	True
10.46675	6.406615	5.635405	4.229383	2.807419	3.689552	3.374052	1.432994	3.483908	2.163373	2.667114	4.884548	4.788188	4.369456	90	True	True
10.46675	6.406615	5.635405	4.229383	2.807419	3.689552	3.374052	1.432994	3.483908	2.163373	2.667114	4.884548	4.788188	4.369456	90	True	True
10.46675	6.406615	5.635405	4.229383	2.807419	3.689552	3.374052	1.432994	3.483908	2.163373	2.667114	4.884548	4.788188	4.369456	90	True	True
10.46675	6.406615	5.635405	4.229383	2.807419	3.689552	3.374052	1.432994	3.483908	2.163373	2.667114	4.884548	4.788188	4.369456	90	True	True
10.49056	6.455341	5.529072	4.173771	2.753065	3.807455	3.299903	1.396056	3.453774	2.215051	2.734377	4.974679	4.833677	4.47404	90	True	True
10.49056	6.455341	5.529072	4.173771	2.753065	3.807455	3.299903	1.396056	3.453774	2.215051	2.734377	4.974679	4.833677	4.47404	90	True	True
10.49056	6.455341	5.529072	4.173771	2.753065	3.807455	3.299903	1.396056	3.453774	2.215051	2.734377	4.974679	4.833677	4.47404	90	True	True
10.49056	6.455341	5.529072	4.173771	2.753065	3.807455	3.299903	1.396056	3.453774	2.215051	2.734377	4.974679	4.833677	4.47404	90	True	True
10.21182	6.479165	5.602278	4.13682	2.706168	3.648407	3.23682	1.348286	3.388477	2.020322	2.603606	5.088539	4.928589	4.364388	90	True	True
10.21182	6.479165	5.602278	4.13682	2.706168	3.648407	3.23682	1.348286	3.388477	2.020322	2.603606	5.088539	4.928589	4.364388	90	True	True
10.21182	6.479165	5.602278	4.13682	2.706168	3.648407	3.23682	1.348286	3.388477	2.020322	2.603606	5.088539	4.928589	4.364388	90	True	True
10.21182	6.479165	5.602278	4.13682	2.706168	3.648407	3.23682	1.348286	3.388477	2.020322	2.603606	5.088539	4.928589	4.364388	90	True	True
10.15886	6.519928	5.602729	4.107559	2.715553	3.617739	3.232708	1.352043	3.340119	2.056044	2.58649	4.967548	4.909151	4.338871	0	True	True
10.15886	6.519928	5.602729	4.107559	2.715553	3.617739	3.232708	1.352043	3.340119	2.056044	2.58649	4.967548	4.909151	4.338871	90	True	True
10.15886	6.519928	5.602729	4.107559	2.715553	3.617739	3.232708	1.352043	3.340119	2.056044	2.58649	4.967548	4.909151	4.338871	90	True	True
10.15886	6.519928	5.602729	4.107559	2.715553	3.617739	3.232708	1.352043	3.340119	2.056044	2.58649	4.967548	4.909151	4.338871	90	True	True
10.15886	6.519928	5.602729	4.107559	2.715553	3.617739	3.232708	1.352043	3.340119	2.056044	2.58649	4.967548	4.909151	4.338871	90	True	True
10.09828	6.34808	5.709184	4.188443	2.698423	3.633449	3.275	1.304914	3.376497	2.227031	2.643303	4.886829	4.891078	4.385384	90	True	True
10.09828	6.34808	5.709184	4.188443	2.698423	3.633449	3.275	1.304914	3.376497	2.227031	2.643303	4.886829	4.891078	4.385384	90	True	True
10.09828	6.34808	5.709184	4.188443	2.698423	3.633449	3.275	1.304914	3.376497	2.227031	2.643303	4.886829	4.891078	4.385384	90	True	True
10.09828	6.34808	5.709184	4.188443	2.698423	3.633449	3.275	1.304914	3.376497	2.227031	2.643303	4.886829	4.891078	4.385384	90	True	True
10.09828	6.34808	5.709184	4.188443	2.698423	3.633449	3.275	1.304914	3.376497	2.227031	2.643303	4.886829	4.891078	4.385384	90	True	True
10.15493	5.951997	5.780546	4.263561	2.721454	3.611619	3.305408	1.294368	3.387958	2.180408	2.638044	4.861804	4.933999	4.358023	90	True	True
10.15493	5.951997	5.780546	4.263561	2.721454	3.611619	3.305408	1.294368	3.387958	2.180408	2.638044	4.861804	4.933999	4.358023	90	True	True
10.15493	5.951997	5.780546	4.263561	2.721454	3.611619	3.305408	1.294368	3.387958	2.180408	2.638044	4.861804	4.933999	4.358023	90	True	True
10.15493	5.951997	5.780546	4.263561	2.721454	3.611619	3.305408	1.294368	3.387958	2.180408	2.638044	4.861804	4.933999	4.358023	90	True	True
10.15493	5.951997	5.780546	4.263561	2.721454	3.611619	3.305408	1.294368	3.387958	2.180408	2.638044	4.861804	4.933999	4.358023	90	True	True
10.26171	6.241147	5.763907	4.169878	2.751289	3.670017	3.247092	1.410004	3.368137	2.290551	2.675392	4.858525	4.907757	4.314337	90	True	True
10.26171	6.241147	5.763907	4.169878	2.751289	3.670017	3.247092	1.410004	3.368137	2.290551	2.675392	4.858525	4.907757	4.314337	90	True	True
10.26171	6.241147	5.763907	4.169878	2.751289	3.670017	3.247092	1.410004	3.368137	2.290551	2.675392	4.858525	4.907757	4.314337	90	True	True
10.26171	6.241147	5.763907	4.169878	2.751289	3.670017	3.247092	1.410004	3.368137	2.290551	2.675392	4.858525	4.907757	4.314337	90	True	True
10.26171	6.241147	5.763907	4.169878	2.751289	3.670017	3.247092	1.410004	3.368137	2.290551	2.675392	4.858525	4.907757	4.314337	90	True	True
10.4595	6.422666	5.729156	4.176162	2.675911	3.769206	3.2647	1.351756	3.443952	2.153675	2.688683	5.126282	4.839742	4.342081	90	True	True
10.4595	6.422666	5.729156	4.176162	2.675911	3.769206	3.2647	1.351756	3.443952	2.153675	2.688683	5.126282	4.839742	4.342081	90	True	True
10.4595	6.422666	5.729156	4.176162	2.675911	3.769206	3.2647	1.351756	3.443952	2.153675	2.688683	5.126282	4.839742	4.342081	90	True	True
10.4595	6.422666	5.729156	4.176162	2.675911	3.769206	3.2647	1.351756	3.443952	2.153675	2.688683	5.126282	4.839742	4.342081	90	True	True
10.4595	6.422666	5.729156	4.176162	2.675911	3.769206	3.2647	1.351756	3.443952	2.153675	2.688683	5.126282	4.839742	4.342081	90	True	True
10.01009	6.304285	5.700906	4.280118	2.744021	3.826948	3.246723	1.365443	3.413052	2.28379	2.726195	4.931772	5.005388	4.39481	90	True	True
10.01009	6.304285	5.700906	4.280118	2.744021	3.826948	3.246723	1.365443	3.413052	2.28379	2.726195	4.931772	5.005388	4.39481	90	True	True
10.01009	6.304285	5.700906	4.280118	2.744021	3.826948	3.246723	1.365443	3.413052	2.28379	2.726195	4.931772	5.005388	4.39481	90	True	True
10.01009	6.304285	5.700906	4.280118	2.744021	3.826948	3.246723	1.365443	3.413052	2.28379	2.726195	4.931772	5.005388	4.39481	90	True	True
10.01009	6.304285	5.700906	4.280118	2.744021	3.826948	3.246723	1.365443	3.413052	2.28379	2.726195	4.931772	5.005388	4.39481	90	True	True
10.17521	6.344733	5.692054	4.182541	2.749444	3.757075	3.299657	1.328246	3.344327	2.331533	2.683287	4.751018	4.854782	4.37962	90	True	True
10.17521	6.344733	5.692054	4.182541	2.749444	3.757075	3.299657	1.328246	3.344327	2.331533	2.683287	4.751018	4.854782	4.37962	90	True	True
10.17521	6.344733	5.692054	4.182541	2.749444	3.757075	3.299657	1.328246	3.344327	2.331533	2.683287	4.751018	4.854782	4.37962	90	True	True
10.17521	6.344733	5.692054	4.182541	2.749444	3.757075	3.299657	1.328246	3.344327	2.331533	2.683287	4.751018	4.854782	4.37962	90	True	True
10.17521	6.344733	5.692054	4.182541	2.749444	3.757075	3.299657	1.328246	3.344327	2.331533	2.683287	4.751018	4.854782	4.37962	90	True	True
9.804074	6.442419	5.86371	4.267468	2.771069	3.684129	3.20357	1.264698	3.329259	2.371817	2.713395	4.684916	4.992615	4.37604	90	True	True
9.804074	6.442419	5.86371	4.267468	2.771069	3.684129	3.20357	1.264698	3.329259	2.371817	2.713395	4.684916	4.992615	4.37604	90	True	True
9.804074	6.442419	5.86371	4.267468	2.771069	3.684129	3.20357	1.264698	3.329259	2.371817	2.713395	4.684916	4.992615	4.37604	90	True	True
9.804074	6.442419	5.86371	4.267468	2.771069	3.684129	3.20357	1.264698	3.329259	2.371817	2.713395	4.684916	4.992615	4.37604	90	True	True
9.804074	6.442419	5.86371	4.267468	2.771069	3.684129	3.20357	1.264698	3.329259	2.371817	2.713395	4.684916	4.992615	4.37604	90	True	True
9.959447	6.657023	5.781092	4.26117	2.771001	3.724413	3.200565	1.279629	3.347318	2.325317	2.652907	4.783311	4.98405	4.308654	90	True	True
9.959447	6.657023	5.781092	4.26117	2.771001	3.724413	3.200565	1.279629	3.347318	2.325317	2.652907	4.783311	4.98405	4.308654	90	True	True
9.959447	6.657023	5.781092	4.26117	2.771001	3.724413	3.200565	1.279629	3.347318	2.325317	2.652907	4.783311	4.98405	4.308654	90	True	True
9.959447	6.657023	5.781092	4.26117	2.771001	3.724413	3.200565	1.279629	3.347318	2.325317	2.652907	4.783311	4.98405	4.308654	90	True	True
10.0385	6.666585	5.754796	4.269435	2.786915	3.721053	3.193106	1.302961	3.35684	2.293365	2.641227	4.834401	4.955582	4.289433	90	True	True
10.0385	6.666585	5.754796	4.269435	2.786915	3.721053	3.193106	1.302961	3.35684	2.293365	2.641227	4.834401	4.955582	4.289433	90	True	True
10.0385	6.666585	5.754796	4.269435	2.786915	3.721053	3.193106	1.302961	3.35684	2.293365	2.641227	4.834401	4.955582	4.289433	90	True	True
10.0385	6.666585	5.754796	4.269435	2.786915	3.721053	3.193106	1.302961	3.35684	2.293365	2.641227	4.834401	4.955582	4.289433	90	True	True
10.03982	6.874346	5.836636	4.282166	2.808881	3.745491	3.278415	1.347261	3.422792	2.370997	2.657046	4.880655	4.993162	4.306386	90	True	True
10.03982	6.874346	5.836636	4.282166	2.808881	3.745491	3.278415	1.347261	3.422792	2.370997	2.657046	4.880655	4.993162	4.306386	90	True	True
10.03982	6.874346	5.836636	4.282166	2.808881	3.745491	3.278415	1.347261	3.422792	2.370997	2.657046	4.880655	4.993162	4.306386	90	True	True
10.03982	6.874346	5.836636	4.282166	2.808881	3.745491	3.278415	1.347261	3.422792	2.370997	2.657046	4.880655	4.993162	4.306386	90	True	True
10.03982	6.874346	5.836636	4.282166	2.808881	3.745491	3.278415	1.347261	3.422792	2.370997	2.657046	4.880655	4.993162	4.306386	90	True	True
10.03982	6.874346	5.836636	4.282166	2.808881	3.745491	3.278415	1.347261	3.422792	2.370997	2.657046	4.880655	4.993162	4.306386	90	True	True
9.880832	6.880684	5.878791	4.277221	2.784456	3.784492	3.319479	1.350171	3.432163	2.43124	2.698273	4.90385	5.002178	4.330429	90	True	True
9.880832	6.880684	5.878791	4.277221	2.784456	3.784492	3.319479	1.350171	3.432163	2.43124	2.698273	4.90385	5.002178	4.330429	90	True	True
9.880832	6.880684	5.878791	4.277221	2.784456	3.784492	3.319479	1.350171	3.432163	2.43124	2.698273	4.90385	5.002178	4.330429	90	True	True
9.880832	6.880684	5.878791	4.277221	2.784456	3.784492	3.319479	1.350171	3.432163	2.43124	2.698273	4.90385	5.002178	4.330429	90	True	True
9.732917	6.716555	5.854012	4.16354	2.753707	3.714195	3.29366	1.303562	3.364175	2.360903	2.678902	4.7433	4.883906	4.347531	90	True	True
9.732917	6.716555	5.854012	4.16354	2.753707	3.714195	3.29366	1.303562	3.364175	2.360903	2.678902	4.7433	4.883906	4.347531	90	True	True
9.732917	6.716555	5.854012	4.16354	2.753707	3.714195	3.29366	1.303562	3.364175	2.360903	2.678902	4.7433	4.883906	4.347531	90	True	True
9.732917	6.716555	5.854012	4.16354	2.753707	3.714195	3.29366	1.303562	3.364175	2.360903	2.678902	4.7433	4.883906	4.347531	90	True	True
9.732917	6.716555	5.854012	4.16354	2.753707	3.714195	3.29366	1.303562	3.364175	2.360903	2.678902	4.7433	4.883906	4.347531	90	True	True
9.830465	6.575334	5.85438	4.223495	2.762791	3.733238	3.324601	1.318493	3.409091	2.106915	2.635066	4.716962	4.91553	4.273287	90	True	True
9.830465	6.575334	5.85438	4.223495	2.762791	3.733238	3.324601	1.318493	3.409091	2.106915	2.635066	4.716962	4.91553	4.273287	90	True	True
9.830465	6.575334	5.85438	4.223495	2.762791	3.733238	3.324601	1.318493	3.409091	2.106915	2.635066	4.716962	4.91553	4.273287	90	True	True
9.93602	7.219285	5.7597	4.215559	2.6312	3.8024	3.209731	1.369309	3.467803	2.106915	2.693328	5.130489	4.885477	4.462511	90	True	True
9.93602	7.219285	5.7597	4.215559	2.6312	3.8024	3.209731	1.369309	3.467803	2.106915	2.693328	5.130489	4.885477	4.462511	90	True	True
9.93602	7.219285	5.7597	4.215559	2.6312	3.8024	3.209731	1.369309	3.467803	2.106915	2.693328	5.130489	4.885477	4.462511	90	True	True
9.93602	7.219285	5.7597	4.215559	2.6312	3.8024	3.209731	1.369309	3.467803	2.106915	2.693328	5.130489	4.885477	4.462511	90	True	True
9.93602	7.219285	5.7597	4.215559	2.6312	3.8024	3.209731	1.369309	3.467803	2.106915	2.693328	5.130489	4.885477	4.462511	90	True	True
9.719584	7.243641	5.755206	4.156846	2.629343	3.746748	3.10904	1.335746	3.43678	2.202018	2.733517	5.076395	4.926677	4.48296	90	True	True
9.719584	7.243641	5.755206	4.156846	2.629343	3.746748	3.10904	1.335746	3.43678	2.202018	2.733517	5.076395	4.926677	4.48296	90	True	True
9.719584	7.243641	5.755206	4.156846	2.629343	3.746748	3.10904	1.335746	3.43678	2.202018	2.733517	5.076395	4.926677	4.48296	90	True	True
9.719584	7.243641	5.755206	4.156846	2.629343	3.746748	3.10904	1.335746	3.43678	2.202018	2.733517	5.076395	4.926677	4.48296	90	True	True
10.15997	7.223792	5.754591	4.263329	2.751999	3.833286	3.218747	1.358258	3.435578	2.168441	2.650106	4.852924	4.847638	4.290663	90	True	True
10.15997	7.223792	5.754591	4.263329	2.751999	3.833286	3.218747	1.358258	3.435578	2.168441	2.650106	4.852924	4.847638	4.290663	90	True	True
10.15997	7.223792	5.754591	4.263329	2.751999	3.833286	3.218747	1.358258	3.435578	2.168441	2.650106	4.852924	4.847638	4.290663	90	True	True
10.15997	7.223792	5.754591	4.263329	2.751999	3.833286	3.218747	1.358258	3.435578	2.168441	2.650106	4.852924	4.847638	4.290663	90	True	True
10.07235	7.388509	5.75735	4.232388	2.805753	3.762908	3.235126	1.386344	3.418735	2.151953	2.623154	4.758886	4.806233	4.276538	90	True	True
10.07235	7.388509	5.75735	4.232388	2.805753	3.762908	3.235126	1.386344	3.418735	2.151953	2.623154	4.758886	4.806233	4.276538	90	True	True
10.07235	7.388509	5.75735	4.232388	2.805753	3.762908	3.235126	1.386344	3.418735	2.151953	2.623154	4.758886	4.806233	4.276538	90	True	True
10.07235	7.388509	5.75735	4.232388	2.805753	3.762908	3.235126	1.386344	3.418735	2.151953	2.623154	4.758886	4.806233	4.276538	90	True	True
10.53581	7.179355	5.828904	4.120796	2.788459	3.730615	3.190648	1.373872	3.378109	2.560713	2.644642	4.777	4.89605	4.227675	90	True	True
10.53581	7.179355	5.828904	4.120796	2.788459	3.730615	3.190648	1.373872	3.378109	2.560713	2.644642	4.777	4.89605	4.227675	90	True	True
10.53581	7.179355	5.828904	4.120796	2.788459	3.730615	3.190648	1.373872	3.378109	2.560713	2.644642	4.777	4.89605	4.227675	90	True	True
10.38051	6.78804	5.907834	4.20672	2.802529	3.677585	3.14703	1.387054	3.376552	2.524445	2.669094	4.818528	4.976537	4.271593	90	True	True
10.38051	6.78804	5.907834	4.20672	2.802529	3.677585	3.14703	1.387054	3.376552	2.524445	2.669094	4.818528	4.976537	4.271593	90	True	True
10.38051	6.78804	5.907834	4.20672	2.802529	3.677585	3.14703	1.387054	3.376552	2.524445	2.669094	4.818528	4.976537	4.271593	90	True	True
10.38051	6.78804	5.907834	4.20672	2.802529	3.677585	3.14703	1.387054	3.376552	2.524445	2.669094	4.818528	4.976537	4.271593	90	True	True
10.52889	6.799296	5.919868	4.193948	2.807624	3.646849	3.084192	1.416793	3.380554	2.537982	2.694065	4.702155	5.076053	4.288436	90	True	True
10.52889	6.799296	5.919868	4.193948	2.807624	3.646849	3.084192	1.416793	3.380554	2.537982	2.694065	4.702155	5.076053	4.288436	90	True	True
10.52889	6.799296	5.919868	4.193948	2.807624	3.646849	3.084192	1.416793	3.380554	2.537982	2.694065	4.702155	5.076053	4.288436	90	True	True
10.52889	6.799296	5.919868	4.193948	2.807624	3.646849	3.084192	1.416793	3.380554	2.537982	2.694065	4.702155	5.076053	4.288436	90	True	True
10.20315	6.916133	5.850924	4.248603	2.860053	3.667518	3.234702	1.446449	3.363998	2.385559	2.627485	4.676801	4.972712	4.258643	90	True	True
10.20315	6.916133	5.850924	4.248603	2.860053	3.667518	3.234702	1.446449	3.363998	2.385559	2.627485	4.676801	4.972712	4.258643	90	True	True
10.20315	6.916133	5.850924	4.248603	2.860053	3.667518	3.234702	1.446449	3.363998	2.385559	2.627485	4.676801	4.972712	4.258643	90	True	True
10.20315	6.916133	5.850924	4.248603	2.860053	3.667518	3.234702	1.446449	3.363998	2.385559	2.627485	4.676801	4.972712	4.258643	90	True	True
10.38933	7.350793	5.808795	4.141888	2.77544	3.684033	3.177861	1.433131	3.411795	2.277096	2.645899	4.761441	4.98849	4.386368	90	True	True
10.38933	7.350793	5.808795	4.141888	2.77544	3.684033	3.177861	1.433131	3.411795	2.277096	2.645899	4.761441	4.98849	4.386368	90	True	True
10.38933	7.350793	5.808795	4.141888	2.77544	3.684033	3.177861	1.433131	3.411795	2.277096	2.645899	4.761441	4.98849	4.386368	90	True	True
10.6226	7.430624	5.699759	4.128624	2.879027	3.72903	3.13132	1.448608	3.355501	2.447045	2.637812	4.68303	5.025195	4.313476	90	True	True
10.6226	7.430624	5.699759	4.128624	2.879027	3.72903	3.13132	1.448608	3.355501	2.447045	2.637812	4.68303	5.025195	4.313476	90	True	True
10.6226	7.430624	5.699759	4.128624	2.879027	3.72903	3.13132	1.448608	3.355501	2.447045	2.637812	4.68303	5.025195	4.313476	90	True	True
10.54757	7.468286	5.723104	4.10465	2.842759	3.782729	3.182356	1.428623	3.385007	2.605259	2.693915	4.702319	4.9711	4.357435	90	True	True
10.54757	7.468286	5.723104	4.10465	2.842759	3.782729	3.182356	1.428623	3.385007	2.605259	2.693915	4.702319	4.9711	4.357435	90	True	True
10.54757	7.468286	5.723104	4.10465	2.842759	3.782729	3.182356	1.428623	3.385007	2.605259	2.693915	4.702319	4.9711	4.357435	90	True	True
10.47209	7.43255	5.755137	4.107273	2.836352	3.759629	3.186905	1.424087	3.373587	2.619206	2.707835	4.647896	5.01051	4.377571	90	True	True
10.47209	7.43255	5.755137	4.107273	2.836352	3.759629	3.186905	1.424087	3.373587	2.619206	2.707835	4.647896	5.01051	4.377571	90	True	True
10.47209	7.43255	5.755137	4.107273	2.836352	3.759629	3.186905	1.424087	3.373587	2.619206	2.707835	4.647896	5.01051	4.377571	90	True	True
10.47209	7.43255	5.755137	4.107273	2.836352	3.759629	3.186905	1.424087	3.373587	2.619206	2.707835	4.647896	5.01051	4.377571	90	True	True
9.86799	7.227535	5.794507	3.968374	2.79757	3.819626	3.250043	1.371877	3.355733	2.529089	2.707835	4.67441	4.946798	4.305881	90	True	True
9.86799	7.227535	5.794507	3.968374	2.79757	3.819626	3.250043	1.371877	3.355733	2.529089	2.707835	4.67441	4.946798	4.305881	90	True	True
9.86799	7.227535	5.794507	3.968374	2.79757	3.819626	3.250043	1.371877	3.355733	2.529089	2.707835	4.67441	4.946798	4.305881	90	True	True
9.86799	7.227535	5.794507	3.968374	2.79757	3.819626	3.250043	1.371877	3.355733	2.529089	2.707835	4.67441	4.946798	4.305881	90	True	True
10.02603	7.282518	5.750507	4.00277	2.810343	3.773304	3.2335	1.405004	3.359285	2.245855	2.672031	4.647171	4.968819	4.291346	90	True	True
10.02603	7.282518	5.750507	4.00277	2.810343	3.773304	3.2335	1.405004	3.359285	2.245855	2.672031	4.647171	4.968819	4.291346	90	True	True
10.02603	7.282518	5.750507	4.00277	2.810343	3.773304	3.2335	1.405004	3.359285	2.245855	2.672031	4.647171	4.968819	4.291346	90	True	True
10.54848	7.179382	5.799807	3.849447	2.789647	3.927693	3.23059	1.341879	3.337305	2.370752	2.785645	4.593077	4.924095	4.44523	90	True	True
10.54848	7.179382	5.799807	3.849447	2.789647	3.927693	3.23059	1.341879	3.337305	2.370752	2.785645	4.593077	4.924095	4.44523	90	True	True
10.54848	7.179382	5.799807	3.849447	2.789647	3.927693	3.23059	1.341879	3.337305	2.370752	2.785645	4.593077	4.924095	4.44523	90	True	True
10.54848	7.179382	5.799807	3.849447	2.789647	3.927693	3.23059	1.341879	3.337305	2.370752	2.785645	4.593077	4.924095	4.44523	90	True	True
10.33242	7.040129	5.862604	4.038424	2.822855	3.812686	3.21887	1.366017	3.439963	2.190079	2.738093	4.687511	4.930256	4.388513	90	True	True
10.33242	7.040129	5.862604	4.038424	2.822855	3.812686	3.21887	1.366017	3.439963	2.190079	2.738093	4.687511	4.930256	4.388513	90	True	True
10.33242	7.040129	5.862604	4.038424	2.822855	3.812686	3.21887	1.366017	3.439963	2.190079	2.738093	4.687511	4.930256	4.388513	90	True	True
10.33242	7.040129	5.862604	4.038424	2.822855	3.812686	3.21887	1.366017	3.439963	2.190079	2.738093	4.687511	4.930256	4.388513	90	True	True
10.62269	7.072982	5.826923	4.115605	2.83724	3.817823	3.206248	1.39984	3.48104	2.023327	2.723613	4.755635	4.957918	4.359416	90	True	True
10.62269	7.072982	5.826923	4.115605	2.83724	3.817823	3.206248	1.39984	3.48104	2.023327	2.723613	4.755635	4.957918	4.359416	90	True	True
10.62269	7.072982	5.826923	4.115605	2.83724	3.817823	3.206248	1.39984	3.48104	2.023327	2.723613	4.755635	4.957918	4.359416	90	True	True
10.62269	7.072982	5.826923	4.115605	2.83724	3.817823	3.206248	1.39984	3.48104	2.023327	2.723613	4.755635	4.957918	4.359416	90	True	True
10.63662	6.984408	5.816213	4.200436	2.814864	3.835322	3.150705	1.392409	3.393791	2.065538	2.638044	4.910038	5.056792	4.32965	90	True	True
10.63662	6.984408	5.816213	4.200436	2.814864	3.835322	3.150705	1.392409	3.393791	2.065538	2.638044	4.910038	5.056792	4.32965	90	True	True
10.63662	6.984408	5.816213	4.200436	2.814864	3.835322	3.150705	1.392409	3.393791	2.065538	2.638044	4.910038	5.056792	4.32965	90	True	True
10.63662	6.984408	5.816213	4.200436	2.814864	3.835322	3.150705	1.392409	3.393791	2.065538	2.638044	4.910038	5.056792	4.32965	90	True	True
10.63662	6.984408	5.816213	4.200436	2.814864	3.835322	3.150705	1.392409	3.393791	2.065538	2.638044	4.910038	5.056792	4.32965	90	True	True
10.63662	6.984408	5.816213	4.200436	2.814864	3.835322	3.150705	1.392409	3.393791	2.065538	2.638044	4.910038	5.056792	4.32965	90	True	True
10.5181	7.05357	5.792103	4.21463	2.830123	3.76411	3.113507	1.389445	3.363123	2.026223	2.638481	4.72132	5.094426	4.335401	90	True	True
10.5181	7.05357	5.792103	4.21463	2.830123	3.76411	3.113507	1.389445	3.363123	2.026223	2.638481	4.72132	5.094426	4.335401	90	True	True
10.5181	7.05357	5.792103	4.21463	2.830123	3.76411	3.113507	1.389445	3.363123	2.026223	2.638481	4.72132	5.094426	4.335401	90	True	True
10.60871	7.040606	5.91745	4.048246	2.823129	3.942078	3.23264	1.40917	3.451615	2.251155	2.707753	4.740868	5.051287	4.378595	90	True	True
10.60871	7.040606	5.91745	4.048246	2.823129	3.942078	3.23264	1.40917	3.451615	2.251155	2.707753	4.740868	5.051287	4.378595	90	True	True
10.60871	7.040606	5.91745	4.048246	2.823129	3.942078	3.23264	1.40917	3.451615	2.251155	2.707753	4.740868	5.051287	4.378595	90	True	True
10.60871	7.040606	5.91745	4.048246	2.823129	3.942078	3.23264	1.40917	3.451615	2.251155	2.707753	4.740868	5.051287	4.378595	90	True	True
10.60871	7.040606	5.91745	4.048246	2.823129	3.942078	3.23264	1.40917	3.451615	2.251155	2.707753	4.740868	5.051287	4.378595	90	True	True
10.60871	7.040606	5.91745	4.048246	2.823129	3.942078	3.23264	1.40917	3.451615	2.251155	2.707753	4.740868	5.051287	4.378595	90	True	True
10.3471	6.999134	5.834682	4.07569	2.846952	3.885947	3.18155	1.433267	3.434786	2.582856	2.707466	4.886269	4.992137	4.352258	90	True	True
10.3471	6.999134	5.834682	4.07569	2.846952	3.885947	3.18155	1.433267	3.434786	2.582856	2.707466	4.886269	4.992137	4.352258	90	True	True
10.3471	6.999134	5.834682	4.07569	2.846952	3.885947	3.18155	1.433267	3.434786	2.582856	2.707466	4.886269	4.992137	4.352258	90	True	True
10.28689	7.300727	5.873354	4.179167	2.82944	3.818287	3.264291	1.362862	3.465549	2.685323	2.682413	4.902047	4.874876	4.347982	90	True	True
10.28689	7.300727	5.873354	4.179167	2.82944	3.818287	3.264291	1.362862	3.465549	2.685323	2.682413	4.902047	4.874876	4.347982	90	True	True
10.28689	7.300727	5.873354	4.179167	2.82944	3.818287	3.264291	1.362862	3.465549	2.685323	2.682413	4.902047	4.874876	4.347982	90	True	True
10.28689	7.300727	5.873354	4.179167	2.82944	3.818287	3.264291	1.362862	3.465549	2.685323	2.682413	4.902047	4.874876	4.347982	90	True	True
9.880613	7.285742	5.965876	4.207936	2.841242	3.752649	3.213993	1.391002	3.439116	2.700445	2.671075	4.872705	4.919396	4.354867	90	True	True
9.880613	7.285742	5.965876	4.207936	2.841242	3.752649	3.213993	1.391002	3.439116	2.700445	2.671075	4.872705	4.919396	4.354867	90	True	True
9.880613	7.285742	5.965876	4.207936	2.841242	3.752649	3.213993	1.391002	3.439116	2.700445	2.671075	4.872705	4.919396	4.354867	90	True	True
9.880613	7.285742	5.965876	4.207936	2.841242	3.752649	3.213993	1.391002	3.439116	2.700445	2.671075	4.872705	4.919396	4.354867	90	True	True
9.880613	7.285742	5.965876	4.207936	2.841242	3.752649	3.213993	1.391002	3.439116	2.700445	2.671075	4.872705	4.919396	4.354867	90	True	True
9.816218	7.206307	5.983498	4.201925	2.861569	3.725096	3.205701	1.380552	3.390786	2.689558	2.669395	4.742139	4.964666	4.331467	90	True	True
9.816218	7.206307	5.983498	4.201925	2.861569	3.725096	3.205701	1.380552	3.390786	2.689558	2.669395	4.742139	4.964666	4.331467	90	True	True
9.816218	7.206307	5.983498	4.201925	2.861569	3.725096	3.205701	1.380552	3.390786	2.689558	2.669395	4.742139	4.964666	4.331467	90	True	True
9.816218	7.206307	5.983498	4.201925	2.861569	3.725096	3.205701	1.380552	3.390786	2.689558	2.669395	4.742139	4.964666	4.331467	90	True	True
9.550701	7.103322	5.937517	4.117613	2.822582	3.519412	3.154297	1.378557	3.237544	2.489788	2.541137	4.664001	4.917524	4.296141	90	True	True
9.550701	7.103322	5.937517	4.117613	2.822582	3.519412	3.154297	1.378557	3.237544	2.489788	2.541137	4.664001	4.917524	4.296141	90	True	True
9.550701	7.103322	5.937517	4.117613	2.822582	3.519412	3.154297	1.378557	3.237544	2.489788	2.541137	4.664001	4.917524	4.296141	90	True	True
9.550701	7.103322	5.937517	4.117613	2.822582	3.519412	3.154297	1.378557	3.237544	2.489788	2.541137	4.664001	4.917524	4.296141	90	True	True
9.73957	6.736677	5.997336	4.136164	2.932507	3.609775	3.218801	1.45414	3.257201	2.635968	2.603456	4.472291	5.001631	4.295048	90	True	True
9.73957	6.736677	5.997336	4.136164	2.932507	3.609775	3.218801	1.45414	3.257201	2.635968	2.603456	4.472291	5.001631	4.295048	90	True	True
9.73957	6.736677	5.997336	4.136164	2.932507	3.609775	3.218801	1.45414	3.257201	2.635968	2.603456	4.472291	5.001631	4.295048	90	True	True
9.73957	6.736677	5.997336	4.136164	2.932507	3.609775	3.218801	1.45414	3.257201	2.635968	2.603456	4.472291	5.001631	4.295048	90	True	True
10.01815	6.441531	5.973963	4.128965	2.784811	3.679457	3.239415	1.329134	3.42383	2.578307	2.678247	4.643634	5.016726	4.253124	90	True	True
10.01815	6.441531	5.973963	4.128965	2.784811	3.679457	3.239415	1.329134	3.42383	2.578307	2.678247	4.643634	5.016726	4.253124	90	True	True
10.01815	6.441531	5.973963	4.128965	2.784811	3.679457	3.239415	1.329134	3.42383	2.578307	2.678247	4.643634	5.016726	4.253124	90	True	True
10.01815	6.441531	5.973963	4.128965	2.784811	3.679457	3.239415	1.329134	3.42383	2.578307	2.678247	4.643634	5.016726	4.253124	90	True	True
9.747916	6.725052	6.009849	4.180574	2.77932	3.657245	3.229743	1.338669	3.426344	2.51909	2.654751	4.66564	5.022231	4.249436	90	True	True
9.747916	6.725052	6.009849	4.180574	2.77932	3.657245	3.229743	1.338669	3.426344	2.51909	2.654751	4.66564	5.022231	4.249436	90	True	True
9.747916	6.725052	6.009849	4.180574	2.77932	3.657245	3.229743	1.338669	3.426344	2.51909	2.654751	4.66564	5.022231	4.249436	90	True	True
9.747916	6.725052	6.009849	4.180574	2.77932	3.657245	3.229743	1.338669	3.426344	2.51909	2.654751	4.66564	5.022231	4.249436	90	True	True
9.747916	6.725052	6.009849	4.180574	2.77932	3.657245	3.229743	1.338669	3.426344	2.51909	2.654751	4.66564	5.022231	4.249436	90	True	True
9.669205	6.914835	6.052879	4.157174	2.852102	3.688855	3.160444	1.355799	3.346608	2.382691	2.637074	4.736729	5.015483	4.303381	90	True	True
9.669205	6.914835	6.052879	4.157174	2.852102	3.688855	3.160444	1.355799	3.346608	2.382691	2.637074	4.736729	5.015483	4.303381	90	True	True
9.669205	6.914835	6.052879	4.157174	2.852102	3.688855	3.160444	1.355799	3.346608	2.382691	2.637074	4.736729	5.015483	4.303381	90	True	True
9.669205	6.914835	6.052879	4.157174	2.852102	3.688855	3.160444	1.355799	3.346608	2.382691	2.637074	4.736729	5.015483	4.303381	90	True	True
9.959352	6.847422	6.048672	4.164141	2.883507	3.699455	3.210032	1.363285	3.383218	2.48554	2.63411	4.754228	5.018133	4.281715	90	True	True
9.959352	6.847422	6.048672	4.164141	2.883507	3.699455	3.210032	1.363285	3.383218	2.48554	2.63411	4.754228	5.018133	4.281715	90	True	True
9.959352	6.847422	6.048672	4.164141	2.883507	3.699455	3.210032	1.363285	3.383218	2.48554	2.63411	4.754228	5.018133	4.281715	90	True	True
9.959352	6.847422	6.048672	4.164141	2.883507	3.699455	3.210032	1.363285	3.383218	2.48554	2.63411	4.754228	5.018133	4.281715	90	True	True
9.491443	6.974395	5.961833	4.065677	2.772831	3.651467	3.252023	1.251475	3.221793	2.381297	2.586408	4.781221	5.001863	4.408866	90	True	True
9.491443	6.974395	5.961833	4.065677	2.772831	3.651467	3.252023	1.251475	3.221793	2.381297	2.586408	4.781221	5.001863	4.408866	90	True	True
9.491443	6.974395	5.961833	4.065677	2.772831	3.651467	3.252023	1.251475	3.221793	2.381297	2.586408	4.781221	5.001863	4.408866	90	True	True
10.05396	7.086396	5.977037	4.018343	2.716851	3.754411	3.307061	1.268878	3.414719	2.552981	2.680446	4.842775	4.863935	4.294638	90	True	True
10.05396	7.086396	5.977037	4.018343	2.716851	3.754411	3.307061	1.268878	3.414719	2.552981	2.680446	4.842775	4.863935	4.294638	90	True	True
10.05396	7.086396	5.977037	4.018343	2.716851	3.754411	3.307061	1.268878	3.414719	2.552981	2.680446	4.842775	4.863935	4.294638	90	True	True
10.05396	7.086396	5.977037	4.018343	2.716851	3.754411	3.307061	1.268878	3.414719	2.552981	2.680446	4.842775	4.863935	4.294638	90	True	True
9.419138	7.043612	5.969428	4.06177	2.719009	3.735697	3.276803	1.247882	3.293483	2.377431	2.619425	4.831601	4.870574	4.313982	90	True	True
9.419138	7.043612	5.969428	4.06177	2.719009	3.735697	3.276803	1.247882	3.293483	2.377431	2.619425	4.831601	4.870574	4.313982	90	True	True
9.419138	7.043612	5.969428	4.06177	2.719009	3.735697	3.276803	1.247882	3.293483	2.377431	2.619425	4.831601	4.870574	4.313982	90	True	True
9.390547	6.803804	6.076211	4.157598	2.692535	3.61595	3.227804	1.202188	3.372549	2.560549	2.641446	4.69557	4.819429	4.372598	90	True	True
9.390547	6.803804	6.076211	4.157598	2.692535	3.61595	3.227804	1.202188	3.372549	2.560549	2.641446	4.69557	4.819429	4.372598	90	True	True
9.390547	6.803804	6.076211	4.157598	2.692535	3.61595	3.227804	1.202188	3.372549	2.560549	2.641446	4.69557	4.819429	4.372598	90	True	True
9.390547	6.803804	6.076211	4.157598	2.692535	3.61595	3.227804	1.202188	3.372549	2.560549	2.641446	4.69557	4.819429	4.372598	90	True	True
9.76577	6.36159	6.012581	3.997375	2.750073	3.679566	3.261586	1.310597	3.33195	2.455432	2.763283	4.467347	5.102964	4.439507	90	True	True
9.76577	6.36159	6.012581	3.997375	2.750073	3.679566	3.261586	1.310597	3.33195	2.455432	2.763283	4.467347	5.102964	4.439507	90	True	True
9.76577	6.36159	6.012581	3.997375	2.750073	3.679566	3.261586	1.310597	3.33195	2.455432	2.763283	4.467347	5.102964	4.439507	90	True	True
9.76577	6.36159	6.012581	3.997375	2.750073	3.679566	3.261586	1.310597	3.33195	2.455432	2.763283	4.467347	5.102964	4.439507	90	True	True
10.1162	6.221694	6.056759	4.19754	2.76958	3.618176	3.232038	1.329421	3.369476	2.629042	2.719802	4.726621	4.957481	4.391641	90	True	True
10.1162	6.221694	6.056759	4.19754	2.76958	3.618176	3.232038	1.329421	3.369476	2.629042	2.719802	4.726621	4.957481	4.391641	90	True	True
10.1162	6.221694	6.056759	4.19754	2.76958	3.618176	3.232038	1.329421	3.369476	2.629042	2.719802	4.726621	4.957481	4.391641	90	True	True
10.1162	6.221694	6.056759	4.19754	2.76958	3.618176	3.232038	1.329421	3.369476	2.629042	2.719802	4.726621	4.957481	4.391641	90	True	True
10.1162	6.221694	6.056759	4.19754	2.76958	3.618176	3.232038	1.329421	3.369476	2.629042	2.719802	4.726621	4.957481	4.391641	90	True	True
9.962097	5.844927	6.094735	4.194699	2.792243	3.590692	3.239538	1.313875	3.347318	2.532887	2.698273	4.712141	5.025933	4.343433	90	True	True
9.962097	5.844927	6.094735	4.194699	2.792243	3.590692	3.239538	1.313875	3.347318	2.532887	2.698273	4.712141	5.025933	4.343433	90	True	True
9.962097	5.844927	6.094735	4.194699	2.792243	3.590692	3.239538	1.313875	3.347318	2.532887	2.698273	4.712141	5.025933	4.343433	90	True	True
9.962097	5.844927	6.094735	4.194699	2.792243	3.590692	3.239538	1.313875	3.347318	2.532887	2.698273	4.712141	5.025933	4.343433	90	True	True
9.962097	5.844927	6.094735	4.194699	2.792243	3.590692	3.239538	1.313875	3.347318	2.532887	2.698273	4.712141	5.025933	4.343433	90	True	True
9.555058	6.009876	6.090978	4.318244	2.808744	3.630812	3.284262	1.327358	3.436043	2.43236	2.671731	4.804771	4.956142	4.314514	90	True	True
9.555058	6.009876	6.090978	4.318244	2.808744	3.630812	3.284262	1.327358	3.436043	2.43236	2.671731	4.804771	4.956142	4.314514	90	True	True
9.555058	6.009876	6.090978	4.318244	2.808744	3.630812	3.284262	1.327358	3.436043	2.43236	2.671731	4.804771	4.956142	4.314514	90	True	True
9.555058	6.009876	6.090978	4.318244	2.808744	3.630812	3.284262	1.327358	3.436043	2.43236	2.671731	4.804771	4.956142	4.314514	90	True	True
9.963778	6.420644	6.117247	4.158308	2.696169	3.589435	3.268239	1.214988	3.424745	2.483641	2.741235	4.617283	4.967194	4.425628	90	True	True
9.963778	6.420644	6.117247	4.158308	2.696169	3.589435	3.268239	1.214988	3.424745	2.483641	2.741235	4.617283	4.967194	4.425628	90	True	True
9.963778	6.420644	6.117247	4.158308	2.696169	3.589435	3.268239	1.214988	3.424745	2.483641	2.741235	4.617283	4.967194	4.425628	90	True	True
9.812393	6.648062	6.188335	4.190874	2.683287	3.554178	3.300846	1.305515	3.396441	2.633659	2.65277	4.826655	4.883264	4.387352	90	True	True
9.812393	6.648062	6.188335	4.190874	2.683287	3.554178	3.300846	1.305515	3.396441	2.633659	2.65277	4.826655	4.883264	4.387352	90	True	True
9.812393	6.648062	6.188335	4.190874	2.683287	3.554178	3.300846	1.305515	3.396441	2.633659	2.65277	4.826655	4.883264	4.387352	90	True	True
9.716224	6.444454	6.234071	4.206583	2.681976	3.568808	3.304466	1.286336	3.397876	2.500457	2.644492	4.901364	4.952385	4.37895	90	True	True
9.716224	6.444454	6.234071	4.206583	2.681976	3.568808	3.304466	1.286336	3.397876	2.500457	2.644492	4.901364	4.952385	4.37895	90	True	True
9.716224	6.444454	6.234071	4.206583	2.681976	3.568808	3.304466	1.286336	3.397876	2.500457	2.644492	4.901364	4.952385	4.37895	90	True	True
9.716224	6.444454	6.234071	4.206583	2.681976	3.568808	3.304466	1.286336	3.397876	2.500457	2.644492	4.901364	4.952385	4.37895	90	True	True
9.716224	6.444454	6.234071	4.206583	2.681976	3.568808	3.304466	1.286336	3.397876	2.500457	2.644492	4.901364	4.952385	4.37895	90	True	True
9.729925	6.609458	6.226544	4.17429	2.659245	3.617958	3.293005	1.284656	3.417191	2.539293	2.672905	4.921663	4.95326	4.40847	90	True	True
9.729925	6.609458	6.226544	4.17429	2.659245	3.617958	3.293005	1.284656	3.417191	2.539293	2.672905	4.921663	4.95326	4.40847	90	True	True
9.729925	6.609458	6.226544	4.17429	2.659245	3.617958	3.293005	1.284656	3.417191	2.539293	2.672905	4.921663	4.95326	4.40847	90	True	True
9.757669	6.693687	6.089107	4.174195	2.692754	3.636741	3.304876	1.317004	3.417751	2.591927	2.730798	4.859413	4.868484	4.468521	90	True	True
9.757669	6.693687	6.089107	4.174195	2.692754	3.636741	3.304876	1.317004	3.417751	2.591927	2.730798	4.859413	4.868484	4.468521	90	True	True
9.757669	6.693687	6.089107	4.174195	2.692754	3.636741	3.304876	1.317004	3.417751	2.591927	2.730798	4.859413	4.868484	4.468521	90	True	True
9.757669	6.693687	6.089107	4.174195	2.692754	3.636741	3.304876	1.317004	3.417751	2.591927	2.730798	4.859413	4.868484	4.468521	90	True	True
9.790468	6.546729	6.114652	4.144961	2.702835	3.521925	3.268061	1.289669	3.409842	2.706018	2.676498	4.982671	4.912866	4.423947	90	True	True
9.790468	6.546729	6.114652	4.144961	2.702835	3.521925	3.268061	1.289669	3.409842	2.706018	2.676498	4.982671	4.912866	4.423947	90	True	True
9.790468	6.546729	6.114652	4.144961	2.702835	3.521925	3.268061	1.289669	3.409842	2.706018	2.676498	4.982671	4.912866	4.423947	90	True	True
9.361601	6.067496	6.06766	4.131806	2.755551	3.529193	3.209799	1.331183	3.23682	2.543296	2.604809	4.793256	5.096011	4.378773	90	True	True
9.514815	5.937586	6.024507	4.179495	2.733366	3.643899	3.224211	1.346537	3.29836	2.495047	2.678534	4.864822	5.014308	4.460721	90	True	True
9.514815	5.937586	6.024507	4.179495	2.733366	3.643899	3.224211	1.346537	3.29836	2.495047	2.678534	4.864822	5.014308	4.460721	90	True	True
9.514815	5.937586	6.024507	4.179495	2.733366	3.643899	3.224211	1.346537	3.29836	2.495047	2.678534	4.864822	5.014308	4.460721	90	True	True
9.514815	5.937586	6.024507	4.179495	2.733366	3.643899	3.224211	1.346537	3.29836	2.495047	2.678534	4.864822	5.014308	4.460721	90	True	True
9.514815	5.937586	6.024507	4.179495	2.733366	3.643899	3.224211	1.346537	3.29836	2.495047	2.678534	4.864822	5.014308	4.460721	90	True	True
9.671473	5.998087	6.022977	4.222389	2.749294	3.637875	3.235372	1.330309	3.323071	2.489474	2.696101	4.795182	4.961114	4.420628	90	True	True
9.671473	5.998087	6.022977	4.222389	2.749294	3.637875	3.235372	1.330309	3.323071	2.489474	2.696101	4.795182	4.961114	4.420628	90	True	True
9.671473	5.998087	6.022977	4.222389	2.749294	3.637875	3.235372	1.330309	3.323071	2.489474	2.696101	4.795182	4.961114	4.420628	90	True	True
9.671473	5.998087	6.022977	4.222389	2.749294	3.637875	3.235372	1.330309	3.323071	2.489474	2.696101	4.795182	4.961114	4.420628	90	True	True
9.865791	6.39417	5.963745	4.230585	2.70248	3.602221	3.331541	1.277785	3.465262	2.442796	2.624725	5.107677	4.901733	4.347081	90	True	True
9.865791	6.39417	5.963745	4.230585	2.70248	3.602221	3.331541	1.277785	3.465262	2.442796	2.624725	5.107677	4.901733	4.347081	90	True	True
9.865791	6.39417	5.963745	4.230585	2.70248	3.602221	3.331541	1.277785	3.465262	2.442796	2.624725	5.107677	4.901733	4.347081	90	True	True
9.865791	6.39417	5.963745	4.230585	2.70248	3.602221	3.331541	1.277785	3.465262	2.442796	2.624725	5.107677	4.901733	4.347081	90	True	True
9.800126	6.622667	6.014248	4.22859	2.686853	3.578452	3.29978	1.254753	3.434267	2.479775	2.626515	5.049893	4.858935	4.339281	90	True	True
9.800126	6.622667	6.014248	4.22859	2.686853	3.578452	3.29978	1.254753	3.434267	2.479775	2.626515	5.049893	4.858935	4.339281	90	True	True
9.800126	6.622667	6.014248	4.22859	2.686853	3.578452	3.29978	1.254753	3.434267	2.479775	2.626515	5.049893	4.858935	4.339281	90	True	True
10.10759	6.955079	5.874898	4.123214	2.652401	3.571444	3.263922	1.251953	3.303988	2.660652	2.700226	4.893605	4.92374	4.43672	90	True	True
10.10759	6.955079	5.874898	4.123214	2.652401	3.571444	3.263922	1.251953	3.303988	2.660652	2.700226	4.893605	4.92374	4.43672	90	True	True
10.10759	6.955079	5.874898	4.123214	2.652401	3.571444	3.263922	1.251953	3.303988	2.660652	2.700226	4.893605	4.92374	4.43672	90	True	True
10.10759	6.955079	5.874898	4.123214	2.652401	3.571444	3.263922	1.251953	3.303988	2.660652	2.700226	4.893605	4.92374	4.43672	90	True	True
10.14893	6.494287	5.819683	4.036867	2.641309	3.64062	3.284672	1.263769	3.297704	2.732014	2.710362	4.786958	4.948779	4.449465	90	True	True
10.14893	6.494287	5.819683	4.036867	2.641309	3.64062	3.284672	1.263769	3.297704	2.732014	2.710362	4.786958	4.948779	4.449465	90	True	True
10.14893	6.494287	5.819683	4.036867	2.641309	3.64062	3.284672	1.263769	3.297704	2.732014	2.710362	4.786958	4.948779	4.449465	90	True	True
10.14893	6.494287	5.819683	4.036867	2.641309	3.64062	3.284672	1.263769	3.297704	2.732014	2.710362	4.786958	4.948779	4.449465	90	True	True
10.14893	6.494287	5.819683	4.036867	2.641309	3.64062	3.284672	1.263769	3.297704	2.732014	2.710362	4.786958	4.948779	4.449465	90	True	True
10.08421	6.756853	5.815066	4.050869	2.655857	3.614871	3.238513	1.301007	3.295628	2.757969	2.68255	4.856681	4.934108	4.447389	90	True	True
10.08421	6.756853	5.815066	4.050869	2.655857	3.614871	3.238513	1.301007	3.295628	2.757969	2.68255	4.856681	4.934108	4.447389	90	True	True
10.08421	6.756853	5.815066	4.050869	2.655857	3.614871	3.238513	1.301007	3.295628	2.757969	2.68255	4.856681	4.934108	4.447389	90	True	True
10.08421	6.756853	5.815066	4.050869	2.655857	3.614871	3.238513	1.301007	3.295628	2.757969	2.68255	4.856681	4.934108	4.447389	90	True	True
10.08421	6.756853	5.815066	4.050869	2.655857	3.614871	3.238513	1.301007	3.295628	2.757969	2.68255	4.856681	4.934108	4.447389	90	True	True
9.991699	6.168337	5.911522	3.977936	2.661827	3.553085	3.192246	1.281459	3.276503	2.802952	2.75704	4.886829	5.060822	4.555483	90	True	True
9.991699	6.168337	5.911522	3.977936	2.661827	3.553085	3.192246	1.281459	3.276503	2.802952	2.75704	4.886829	5.060822	4.555483	90	True	True
9.991699	6.168337	5.911522	3.977936	2.661827	3.553085	3.192246	1.281459	3.276503	2.802952	2.75704	4.886829	5.060822	4.555483	90	True	True
9.991699	6.168337	5.911522	3.977936	2.661827	3.553085	3.192246	1.281459	3.276503	2.802952	2.75704	4.886829	5.060822	4.555483	90	True	True
9.991699	6.168337	5.911522	3.977936	2.661827	3.553085	3.192246	1.281459	3.276503	2.802952	2.75704	4.886829	5.060822	4.555483	90	True	True
9.991699	6.168337	5.911522	3.977936	2.661827	3.553085	3.192246	1.281459	3.276503	2.802952	2.75704	4.886829	5.060822	4.555483	90	True	True
10.1159	6.260585	5.919732	3.903692	2.639601	3.66816	3.196166	1.272416	3.323071	2.878959	2.815561	4.833267	5.081572	4.55092	90	True	True
10.1159	6.260585	5.919732	3.903692	2.639601	3.66816	3.196166	1.272416	3.323071	2.878959	2.815561	4.833267	5.081572	4.55092	90	True	True
