38.81672	67.29913	4.043028	6.403487	4.045009	2.038162	4.677976	3.407315	2.579673	5.197494	1.916325	2.132952	2.623837	0.4073454	90	True	True
38.81672	67.29913	4.043028	6.403487	4.045009	2.038162	4.677976	3.407315	2.579673	5.197494	1.916325	2.132952	2.623837	0.4073454	90	True	True
38.81672	67.29913	4.043028	6.403487	4.045009	2.038162	4.677976	3.407315	2.579673	5.197494	1.916325	2.132952	2.623837	0.4073454	90	True	True
38.87973	67.25846	3.900236	6.566195	4.170397	1.984655	4.947918	3.42159	2.497561	5.311613	1.783342	2.081398	2.794346	0.4714672	90	True	True
38.87973	67.25846	3.900236	6.566195	4.170397	1.984655	4.947918	3.42159	2.497561	5.311613	1.783342	2.081398	2.794346	0.4714672	90	True	True
38.87973	67.25846	3.900236	6.566195	4.170397	1.984655	4.947918	3.42159	2.497561	5.311613	1.783342	2.081398	2.794346	0.4714672	90	True	True
38.87973	67.25846	3.900236	6.566195	4.170397	1.984655	4.947918	3.42159	2.497561	5.311613	1.783342	2.081398	2.794346	0.4714672	90	True	True
38.54465	67.659	3.938704	6.439495	4.336521	1.981294	4.792764	3.5671	2.501235	5.353168	1.853925	0	0	0	0	True	True
38.54465	67.659	3.938704	6.439495	4.336521	1.981294	4.792764	3.5671	2.501235	5.353168	1.853925	2.154494	2.742669	0.3511056	90	True	True
38.54465	67.659	3.938704	6.439495	4.336521	1.981294	4.792764	3.5671	2.501235	5.353168	1.853925	2.154494	2.742669	0.3511056	90	True	True
38.54465	67.659	3.938704	6.439495	4.336521	1.981294	4.792764	3.5671	2.501235	5.353168	1.853925	2.154494	2.742669	0.3511056	90	True	True
38.54465	67.659	3.938704	6.439495	4.336521	1.981294	4.792764	3.5671	2.501235	5.353168	1.853925	2.154494	2.742669	0.3511056	90	True	True
38.98514	66.3911	4.152611	6.59398	3.910905	1.991635	4.811533	3.194513	2.603005	5.190595	1.70306	2.232563	2.751576	0.6339574	90	True	True
38.98514	66.3911	4.152611	6.59398	3.910905	1.991635	4.811533	3.194513	2.603005	5.190595	1.70306	2.232563	2.751576	0.6339574	90	True	True
38.98514	66.3911	4.152611	6.59398	3.910905	1.991635	4.811533	3.194513	2.603005	5.190595	1.70306	2.232563	2.751576	0.6339574	90	True	True
38.98514	66.3911	4.152611	6.59398	3.910905	1.991635	4.811533	3.194513	2.603005	5.190595	1.70306	2.232563	2.751576	0.6339574	90	True	True
38.39613	67.05706	4.061442	6.375783	4.06457	2.128444	4.742808	3.365227	2.580124	5.341884	1.704562	2.247426	2.730511	0.5173797	90	True	True
38.39613	67.05706	4.061442	6.375783	4.06457	2.128444	4.742808	3.365227	2.580124	5.341884	1.704562	2.247426	2.730511	0.5173797	90	True	True
38.39613	67.05706	4.061442	6.375783	4.06457	2.128444	4.742808	3.365227	2.580124	5.341884	1.704562	2.247426	2.730511	0.5173797	90	True	True
38.39613	67.05706	4.061442	6.375783	4.06457	2.128444	4.742808	3.365227	2.580124	5.341884	1.704562	2.247426	2.730511	0.5173797	90	True	True
38.39613	67.05706	4.061442	6.375783	4.06457	2.128444	4.742808	3.365227	2.580124	5.341884	1.704562	2.247426	2.730511	0.5173797	90	True	True
38.37171	66.89815	4.050473	6.375715	4.037987	2.108773	4.750021	3.347428	2.55014	5.315069	1.690615	2.237563	2.762149	0.5475145	90	True	True
38.37171	66.89815	4.050473	6.375715	4.037987	2.108773	4.750021	3.347428	2.55014	5.315069	1.690615	2.237563	2.762149	0.5475145	90	True	True
38.37171	66.89815	4.050473	6.375715	4.037987	2.108773	4.750021	3.347428	2.55014	5.315069	1.690615	2.237563	2.762149	0.5475145	90	True	True
38.37171	66.89815	4.050473	6.375715	4.037987	2.108773	4.750021	3.347428	2.55014	5.315069	1.690615	2.237563	2.762149	0.5475145	90	True	True
38.37171	66.89815	4.050473	6.375715	4.037987	2.108773	4.750021	3.347428	2.55014	5.315069	1.690615	2.237563	2.762149	0.5475145	90	True	True
37.95817	67.32445	4.079856	6.63268	4.031048	1.981199	4.770566	3.223733	2.576859	5.335751	1.709261	2.300701	2.579673	0.6161169	90	True	True
37.95817	67.32445	4.079856	6.63268	4.031048	1.981199	4.770566	3.223733	2.576859	5.335751	1.709261	2.300701	2.579673	0.6161169	90	True	True
37.95817	67.32445	4.079856	6.63268	4.031048	1.981199	4.770566	3.223733	2.576859	5.335751	1.709261	2.300701	2.579673	0.6161169	90	True	True
37.95817	67.32445	4.079856	6.63268	4.031048	1.981199	4.770566	3.223733	2.576859	5.335751	1.709261	2.300701	2.579673	0.6161169	90	True	True
39.14658	65.09548	4.081059	6.549844	3.933772	2.057656	4.741237	3.211985	2.621665	4.860178	1.839622	2.231771	2.903124	0.5595357	90	True	True
39.14658	65.09548	4.081059	6.549844	3.933772	2.057656	4.741237	3.211985	2.621665	4.860178	1.839622	2.231771	2.903124	0.5595357	90	True	True
39.14658	65.09548	4.081059	6.549844	3.933772	2.057656	4.741237	3.211985	2.621665	4.860178	1.839622	2.231771	2.903124	0.5595357	90	True	True
39.14658	65.09548	4.081059	6.549844	3.933772	2.057656	4.741237	3.211985	2.621665	4.860178	1.839622	2.231771	2.903124	0.5595357	90	True	True
38.67447	66.65964	3.894307	6.34196	4.124211	2.086848	4.708643	3.423543	2.576094	5.170022	1.854977	2.227645	2.745592	0.2839239	90	True	True
38.67447	66.65964	3.894307	6.34196	4.124211	2.086848	4.708643	3.423543	2.576094	5.170022	1.854977	2.227645	2.745592	0.2839239	90	True	True
38.67447	66.65964	3.894307	6.34196	4.124211	2.086848	4.708643	3.423543	2.576094	5.170022	1.854977	2.227645	2.745592	0.2839239	90	True	True
38.67447	66.65964	3.894307	6.34196	4.124211	2.086848	4.708643	3.423543	2.576094	5.170022	1.854977	2.227645	2.745592	0.2839239	90	True	True
38.67447	66.65964	3.894307	6.34196	4.124211	2.086848	4.708643	3.423543	2.576094	5.170022	1.854977	2.227645	2.745592	0.2839239	90	True	True
38.59898	66.88158	3.874035	6.346714	4.117422	2.120794	4.805659	3.437231	2.581408	5.186702	1.818435	2.185257	2.797707	0.3256563	90	True	True
38.59898	66.88158	3.874035	6.346714	4.117422	2.120794	4.805659	3.437231	2.581408	5.186702	1.818435	2.185257	2.797707	0.3256563	90	True	True
38.59898	66.88158	3.874035	6.346714	4.117422	2.120794	4.805659	3.437231	2.581408	5.186702	1.818435	2.185257	2.797707	0.3256563	90	True	True
38.59898	66.88158	3.874035	6.346714	4.117422	2.120794	4.805659	3.437231	2.581408	5.186702	1.818435	2.185257	2.797707	0.3256563	90	True	True
38.59898	66.88158	3.874035	6.346714	4.117422	2.120794	4.805659	3.437231	2.581408	5.186702	1.818435	2.185257	2.797707	0.3256563	90	True	True
38.79488	66.86151	4.184973	6.545022	3.680468	2.097599	4.698658	2.977026	2.630763	4.671938	1.698811	1.987906	3.041367	0.5475145	90	True	True
38.79488	66.86151	4.184973	6.545022	3.680468	2.097599	4.698658	2.977026	2.630763	4.671938	1.698811	1.987906	3.041367	0.5475145	90	True	True
38.79488	66.86151	4.184973	6.545022	3.680468	2.097599	4.698658	2.977026	2.630763	4.671938	1.698811	1.987906	3.041367	0.5475145	90	True	True
38.79488	66.86151	4.184973	6.545022	3.680468	2.097599	4.698658	2.977026	2.630763	4.671938	1.698811	1.987906	3.041367	0.5475145	90	True	True
38.73835	66.83727	4.20784	6.550049	3.456943	2.18426	4.626818	2.862798	2.740743	4.4565	1.725558	1.966131	3.380896	0.3976192	90	True	True
38.73835	66.83727	4.20784	6.550049	3.456943	2.18426	4.626818	2.862798	2.740743	4.4565	1.725558	1.966131	3.380896	0.3976192	90	True	True
38.73835	66.83727	4.20784	6.550049	3.456943	2.18426	4.626818	2.862798	2.740743	4.4565	1.725558	1.966131	3.380896	0.3976192	90	True	True
38.73835	66.83727	4.20784	6.550049	3.456943	2.18426	4.626818	2.862798	2.740743	4.4565	1.725558	1.966131	3.380896	0.3976192	90	True	True
38.73835	66.83727	4.20784	6.550049	3.456943	2.18426	4.626818	2.862798	2.740743	4.4565	1.725558	1.966131	3.380896	0.3976192	90	True	True
39.64181	64.65565	4.447566	6.404416	3.471696	2.218138	4.521729	2.811039	2.879628	4.556549	1.75792	2.079335	2.854302	0.5248793	90	True	True
39.64181	64.65565	4.447566	6.404416	3.471696	2.218138	4.521729	2.811039	2.879628	4.556549	1.75792	2.079335	2.854302	0.5248793	90	True	True
39.64181	64.65565	4.447566	6.404416	3.471696	2.218138	4.521729	2.811039	2.879628	4.556549	1.75792	2.079335	2.854302	0.5248793	90	True	True
39.64181	64.65565	4.447566	6.404416	3.471696	2.218138	4.521729	2.811039	2.879628	4.556549	1.75792	2.079335	2.854302	0.5248793	90	True	True
39.64181	64.65565	4.447566	6.404416	3.471696	2.218138	4.521729	2.811039	2.879628	4.556549	1.75792	2.079335	2.854302	0.5248793	90	True	True
38.96681	61.43087	4.214862	6.233879	3.25395	2.088351	4.501415	2.744308	2.716632	4.372284	1.645795	1.797548	3.372494	0.6199145	90	True	True
38.96681	61.43087	4.214862	6.233879	3.25395	2.088351	4.501415	2.744308	2.716632	4.372284	1.645795	1.797548	3.372494	0.6199145	90	True	True
38.96681	61.43087	4.214862	6.233879	3.25395	2.088351	4.501415	2.744308	2.716632	4.372284	1.645795	1.797548	3.372494	0.6199145	90	True	True
38.96681	61.43087	4.214862	6.233879	3.25395	2.088351	4.501415	2.744308	2.716632	4.372284	1.645795	1.797548	3.372494	0.6199145	90	True	True
37.02605	66.363	4.156054	6.088205	3.17625	2.003	4.487728	2.747163	3.047992	4.267099	1.755461	1.508563	3.671247	0.2741157	90	True	True
37.02605	66.363	4.156054	6.088205	3.17625	2.003	4.487728	2.747163	3.047992	4.267099	1.755461	1.508563	3.671247	0.2741157	90	True	True
37.02605	66.363	4.156054	6.088205	3.17625	2.003	4.487728	2.747163	3.047992	4.267099	1.755461	1.508563	3.671247	0.2741157	90	True	True
37.02605	66.363	4.156054	6.088205	3.17625	2.003	4.487728	2.747163	3.047992	4.267099	1.755461	1.508563	3.671247	0.2741157	90	True	True
37.02605	66.363	4.156054	6.088205	3.17625	2.003	4.487728	2.747163	3.047992	4.267099	1.755461	1.508563	3.671247	0.2741157	90	True	True
38.20267	64.57604	4.544582	6.30953	3.24003	2.126422	4.557847	2.712384	3.104191	4.138295	1.636383	2.052137	2.876773	0.6208708	90	True	True
38.20267	64.57604	4.544582	6.30953	3.24003	2.126422	4.557847	2.712384	3.104191	4.138295	1.636383	2.052137	2.876773	0.6208708	90	True	True
38.20267	64.57604	4.544582	6.30953	3.24003	2.126422	4.557847	2.712384	3.104191	4.138295	1.636383	2.052137	2.876773	0.6208708	90	True	True
38.20267	64.57604	4.544582	6.30953	3.24003	2.126422	4.557847	2.712384	3.104191	4.138295	1.636383	2.052137	2.876773	0.6208708	90	True	True
37.2203	62.86432	4.40705	6.215957	2.804414	1.721583	4.433182	2.227126	2.992517	4.094473	1.39969	2.086561	3.221602	0.6766598	90	True	True
37.2203	62.86432	4.40705	6.215957	2.804414	1.721583	4.433182	2.227126	2.992517	4.094473	1.39969	2.086561	3.221602	0.6766598	90	True	True
37.2203	62.86432	4.40705	6.215957	2.804414	1.721583	4.433182	2.227126	2.992517	4.094473	1.39969	2.086561	3.221602	0.6766598	90	True	True
37.2203	62.86432	4.40705	6.215957	2.804414	1.721583	4.433182	2.227126	2.992517	4.094473	1.39969	2.086561	3.221602	0.6766598	90	True	True
37.2203	62.86432	4.40705	6.215957	2.804414	1.721583	4.433182	2.227126	2.992517	4.094473	1.39969	2.086561	3.221602	0.6766598	90	True	True
38.84089	62.21597	4.426775	6.057633	3.207477	2.172676	4.477551	2.744021	2.949883	4.20892	1.510776	2.295838	2.983993	0.832511	90	True	True
38.84089	62.21597	4.426775	6.057633	3.207477	2.172676	4.477551	2.744021	2.949883	4.20892	1.510776	2.295838	2.983993	0.832511	90	True	True
38.84089	62.21597	4.426775	6.057633	3.207477	2.172676	4.477551	2.744021	2.949883	4.20892	1.510776	2.295838	2.983993	0.832511	90	True	True
38.84089	62.21597	4.426775	6.057633	3.207477	2.172676	4.477551	2.744021	2.949883	4.20892	1.510776	2.295838	2.983993	0.832511	90	True	True
38.84089	62.21597	4.426775	6.057633	3.207477	2.172676	4.477551	2.744021	2.949883	4.20892	1.510776	2.295838	2.983993	0.832511	90	True	True
37.8316	63.95033	4.437294	6.271568	2.993364	1.924166	4.641011	2.469257	3.292827	4.201324	1.694535	2.414028	2.864233	0.579794	90	True	True
37.8316	63.95033	4.437294	6.271568	2.993364	1.924166	4.641011	2.469257	3.292827	4.201324	1.694535	2.414028	2.864233	0.579794	90	True	True
37.8316	63.95033	4.437294	6.271568	2.993364	1.924166	4.641011	2.469257	3.292827	4.201324	1.694535	2.414028	2.864233	0.579794	90	True	True
37.8316	63.95033	4.437294	6.271568	2.993364	1.924166	4.641011	2.469257	3.292827	4.201324	1.694535	2.414028	2.864233	0.579794	90	True	True
37.8316	63.95033	4.437294	6.271568	2.993364	1.924166	4.641011	2.469257	3.292827	4.201324	1.694535	2.414028	2.864233	0.579794	90	True	True
37.34383	67.616	4.153404	6.054109	2.998651	1.6847	4.718042	2.800644	2.83586	4.074433	1.706857	2.115535	2.787899	0.5297151	90	True	True
37.34383	67.616	4.153404	6.054109	2.998651	1.6847	4.718042	2.800644	2.83586	4.074433	1.706857	2.115535	2.787899	0.5297151	90	True	True
37.34383	67.616	4.153404	6.054109	2.998651	1.6847	4.718042	2.800644	2.83586	4.074433	1.706857	2.115535	2.787899	0.5297151	90	True	True
37.34383	67.616	4.153404	6.054109	2.998651	1.6847	4.718042	2.800644	2.83586	4.074433	1.706857	2.115535	2.787899	0.5297151	90	True	True
38.23403	66.64904	4.255829	5.417822	3.029769	1.623051	4.558529	2.666745	2.908383	4.133227	1.352193	2.05032	2.930773	0.6110216	90	True	True
38.23403	66.64904	4.255829	5.417822	3.029769	1.623051	4.558529	2.666745	2.908383	4.133227	1.352193	2.05032	2.930773	0.6110216	90	True	True
38.23403	66.64904	4.255829	5.417822	3.029769	1.623051	4.558529	2.666745	2.908383	4.133227	1.352193	2.05032	2.930773	0.6110216	90	True	True
38.23403	66.64904	4.255829	5.417822	3.029769	1.623051	4.558529	2.666745	2.908383	4.133227	1.352193	2.05032	2.930773	0.6110216	90	True	True
38.23403	66.64904	4.255829	5.417822	3.029769	1.623051	4.558529	2.666745	2.908383	4.133227	1.352193	2.05032	2.930773	0.6110216	90	True	True
39.09295	70.58807	4.410151	5.55407	3.172616	1.435453	4.710392	2.902523	2.854097	4.437608	1.565978	2.707535	2.184356	0.6135761	90	True	True
39.09295	70.58807	4.410151	5.55407	3.172616	1.435453	4.710392	2.902523	2.854097	4.437608	1.565978	2.707535	2.184356	0.6135761	90	True	True
39.09295	70.58807	4.410151	5.55407	3.172616	1.435453	4.710392	2.902523	2.854097	4.437608	1.565978	2.707535	2.184356	0.6135761	90	True	True
39.09295	70.58807	4.410151	5.55407	3.172616	1.435453	4.710392	2.902523	2.854097	4.437608	1.565978	2.707535	2.184356	0.6135761	90	True	True
37.93945	65.87682	4.392706	5.455675	2.984717	1.373585	4.334581	2.76137	2.855463	4.148595	1.64723	2.350603	2.497001	0.7727878	90	True	True
37.93945	65.87682	4.392706	5.455675	2.984717	1.373585	4.334581	2.76137	2.855463	4.148595	1.64723	2.350603	2.497001	0.7727878	90	True	True
37.93945	65.87682	4.392706	5.455675	2.984717	1.373585	4.334581	2.76137	2.855463	4.148595	1.64723	2.350603	2.497001	0.7727878	90	True	True
37.93945	65.87682	4.392706	5.455675	2.984717	1.373585	4.334581	2.76137	2.855463	4.148595	1.64723	2.350603	2.497001	0.7727878	90	True	True
37.93945	65.87682	4.392706	5.455675	2.984717	1.373585	4.334581	2.76137	2.855463	4.148595	1.64723	2.350603	2.497001	0.7727878	90	True	True
38.89885	71.17501	4.647472	5.210143	3.063497	1.221408	4.628839	3.009279	2.406064	4.382885	1.497498	2.414601	2.372405	0.6749249	90	True	True
38.89885	71.17501	4.647472	5.210143	3.063497	1.221408	4.628839	3.009279	2.406064	4.382885	1.497498	2.414601	2.372405	0.6749249	90	True	True
38.89885	71.17501	4.647472	5.210143	3.063497	1.221408	4.628839	3.009279	2.406064	4.382885	1.497498	2.414601	2.372405	0.6749249	90	True	True
38.89885	71.17501	4.647472	5.210143	3.063497	1.221408	4.628839	3.009279	2.406064	4.382885	1.497498	2.414601	2.372405	0.6749249	90	True	True
38.57972	69.22595	4.69945	5.140407	2.75648	1.051268	4.449192	2.521029	2.581572	3.975969	1.225411	2.625477	2.633359	0.629627	90	True	True
38.57972	69.22595	4.69945	5.140407	2.75648	1.051268	4.449192	2.521029	2.581572	3.975969	1.225411	2.625477	2.633359	0.629627	90	True	True
38.57972	69.22595	4.69945	5.140407	2.75648	1.051268	4.449192	2.521029	2.581572	3.975969	1.225411	2.625477	2.633359	0.629627	90	True	True
38.57972	69.22595	4.69945	5.140407	2.75648	1.051268	4.449192	2.521029	2.581572	3.975969	1.225411	2.625477	2.633359	0.629627	90	True	True
38.57972	69.22595	4.69945	5.140407	2.75648	1.051268	4.449192	2.521029	2.581572	3.975969	1.225411	2.625477	2.633359	0.629627	90	True	True
38.72442	67.1571	4.844236	6.025094	3.472488	1.026024	4.530649	3.025685	2.850053	3.821566	1.623051	2.445679	2.939242	0.5359578	90	True	True
38.72442	67.1571	4.844236	6.025094	3.472488	1.026024	4.530649	3.025685	2.850053	3.821566	1.623051	2.445679	2.939242	0.5359578	90	True	True
38.72442	67.1571	4.844236	6.025094	3.472488	1.026024	4.530649	3.025685	2.850053	3.821566	1.623051	2.445679	2.939242	0.5359578	90	True	True
38.72442	67.1571	4.844236	6.025094	3.472488	1.026024	4.530649	3.025685	2.850053	3.821566	1.623051	2.445679	2.939242	0.5359578	90	True	True
38.73368	71.69759	5.117485	6.356741	3.709824	1.026024	4.556808	2.949419	3.011096	4.122176	1.64615	2.809509	2.867306	0.563019	90	True	True
38.73368	71.69759	5.117485	6.356741	3.709824	1.026024	4.556808	2.949419	3.011096	4.122176	1.64615	2.809509	2.867306	0.563019	90	True	True
38.73368	71.69759	5.117485	6.356741	3.709824	1.026024	4.556808	2.949419	3.011096	4.122176	1.64615	2.809509	2.867306	0.563019	90	True	True
38.73368	71.69759	5.117485	6.356741	3.709824	1.026024	4.556808	2.949419	3.011096	4.122176	1.64615	2.809509	2.867306	0.563019	90	True	True
38.73368	71.69759	5.117485	6.356741	3.709824	1.026024	4.556808	2.949419	3.011096	4.122176	1.64615	2.809509	2.867306	0.563019	90	True	True
38.31458	71.67609	5.12564	5.960262	3.354913	0.8609383	4.192636	2.731946	2.695226	4.011267	1.52624	2.073857	3.429199	0.4233553	90	True	True
38.31458	71.67609	5.12564	5.960262	3.354913	0.8609383	4.192636	2.731946	2.695226	4.011267	1.52624	2.073857	3.429199	0.4233553	90	True	True
38.31458	71.67609	5.12564	5.960262	3.354913	0.8609383	4.192636	2.731946	2.695226	4.011267	1.52624	2.073857	3.429199	0.4233553	90	True	True
38.31458	71.67609	5.12564	5.960262	3.354913	0.8609383	4.192636	2.731946	2.695226	4.011267	1.52624	2.073857	3.429199	0.4233553	90	True	True
38.31458	71.67609	5.12564	5.960262	3.354913	0.8609383	4.192636	2.731946	2.695226	4.011267	1.52624	2.073857	3.429199	0.4233553	90	True	True
37.62423	71.05879	5.154723	6.045065	3.370336	0.7727878	4.23915	2.624124	2.716632	4.098393	1.449018	2.081398	3.644541	0.4030014	90	True	True
37.62423	71.05879	5.154723	6.045065	3.370336	0.7727878	4.23915	2.624124	2.716632	4.098393	1.449018	2.081398	3.644541	0.4030014	90	True	True
37.62423	71.05879	5.154723	6.045065	3.370336	0.7727878	4.23915	2.624124	2.716632	4.098393	1.449018	2.081398	3.644541	0.4030014	90	True	True
37.62423	71.05879	5.154723	6.045065	3.370336	0.7727878	4.23915	2.624124	2.716632	4.098393	1.449018	2.081398	3.644541	0.4030014	90	True	True
37.66265	68.72192	4.945774	6.068534	3.028471	0.8197249	4.466896	2.5379	3.033444	3.866495	1.569967	2.154316	3.823615	0.1506532	90	True	True
37.66265	68.72192	4.945774	6.068534	3.028471	0.8197249	4.466896	2.5379	3.033444	3.866495	1.569967	2.154316	3.823615	0.1506532	90	True	True
37.66265	68.72192	4.945774	6.068534	3.028471	0.8197249	4.466896	2.5379	3.033444	3.866495	1.569967	2.154316	3.823615	0.1506532	90	True	True
37.66265	68.72192	4.945774	6.068534	3.028471	0.8197249	4.466896	2.5379	3.033444	3.866495	1.569967	2.154316	3.823615	0.1506532	90	True	True
37.66265	68.72192	4.945774	6.068534	3.028471	0.8197249	4.466896	2.5379	3.033444	3.866495	1.569967	2.154316	3.823615	0.1506532	90	True	True
37.63361	64.11823	5.041342	6.084886	3.239183	0.9037362	4.311113	2.582242	2.808471	3.690085	1.481475	2.181665	3.624446	0.4224401	90	True	True
37.63361	64.11823	5.041342	6.084886	3.239183	0.9037362	4.311113	2.582242	2.808471	3.690085	1.481475	2.181665	3.624446	0.4224401	90	True	True
37.63361	64.11823	5.041342	6.084886	3.239183	0.9037362	4.311113	2.582242	2.808471	3.690085	1.481475	2.181665	3.624446	0.4224401	90	True	True
37.63361	64.11823	5.041342	6.084886	3.239183	0.9037362	4.311113	2.582242	2.808471	3.690085	1.481475	2.181665	3.624446	0.4224401	90	True	True
38.04147	63.09085	4.826164	6.065269	3.1789	0.8967831	4.590522	2.524144	2.966631	3.925849	1.528794	2.047465	3.518032	0.4168393	90	True	True
38.04147	63.09085	4.826164	6.065269	3.1789	0.8967831	4.590522	2.524144	2.966631	3.925849	1.528794	2.047465	3.518032	0.4168393	90	True	True
38.04147	63.09085	4.826164	6.065269	3.1789	0.8967831	4.590522	2.524144	2.966631	3.925849	1.528794	2.047465	3.518032	0.4168393	90	True	True
38.04147	63.09085	4.826164	6.065269	3.1789	0.8967831	4.590522	2.524144	2.966631	3.925849	1.528794	2.047465	3.518032	0.4168393	90	True	True
38.04147	63.09085	4.826164	6.065269	3.1789	0.8967831	4.590522	2.524144	2.966631	3.925849	1.528794	2.047465	3.518032	0.4168393	90	True	True
38.61316	63.56201	4.869412	5.987323	3.456998	1.0122	4.315429	2.733735	2.806723	3.989438	1.499848	2.443288	3.290928	0.6249415	90	True	True
38.61316	63.56201	4.869412	5.987323	3.456998	1.0122	4.315429	2.733735	2.806723	3.989438	1.499848	2.443288	3.290928	0.6249415	90	True	True
38.61316	63.56201	4.869412	5.987323	3.456998	1.0122	4.315429	2.733735	2.806723	3.989438	1.499848	2.443288	3.290928	0.6249415	90	True	True
38.61316	63.56201	4.869412	5.987323	3.456998	1.0122	4.315429	2.733735	2.806723	3.989438	1.499848	2.443288	3.290928	0.6249415	90	True	True
38.61316	63.56201	4.869412	5.987323	3.456998	1.0122	4.315429	2.733735	2.806723	3.989438	1.499848	2.443288	3.290928	0.6249415	90	True	True
37.61039	63.86498	4.713015	6.138106	3.090599	0.9035177	4.540662	2.453274	2.935308	3.9912	1.427243	2.165463	3.477556	0.4630934	90	True	True
37.61039	63.86498	4.713015	6.138106	3.090599	0.9035177	4.540662	2.453274	2.935308	3.9912	1.427243	2.165463	3.477556	0.4630934	90	True	True
37.61039	63.86498	4.713015	6.138106	3.090599	0.9035177	4.540662	2.453274	2.935308	3.9912	1.427243	2.165463	3.477556	0.4630934	90	True	True
37.61039	63.86498	4.713015	6.138106	3.090599	0.9035177	4.540662	2.453274	2.935308	3.9912	1.427243	2.165463	3.477556	0.4630934	90	True	True
38.44844	65.33603	4.772943	5.996353	3.622602	0.8935046	4.404727	2.911607	2.705376	4.258234	1.597888	2.254898	3.191385	0.452411	90	True	True
38.44844	65.33603	4.772943	5.996353	3.622602	0.8935046	4.404727	2.911607	2.705376	4.258234	1.597888	2.254898	3.191385	0.452411	90	True	True
38.44844	65.33603	4.772943	5.996353	3.622602	0.8935046	4.404727	2.911607	2.705376	4.258234	1.597888	2.254898	3.191385	0.452411	90	True	True
38.44844	65.33603	4.772943	5.996353	3.622602	0.8935046	4.404727	2.911607	2.705376	4.258234	1.597888	2.254898	3.191385	0.452411	90	True	True
38.68044	62.714	4.751018	5.96365	3.094779	0.8930675	4.496101	2.350357	2.984854	3.959727	1.200563	2.481906	3.506708	0.5464354	90	True	True
38.68044	62.714	4.751018	5.96365	3.094779	0.8930675	4.496101	2.350357	2.984854	3.959727	1.200563	2.481906	3.506708	0.5464354	90	True	True
38.68044	62.714	4.751018	5.96365	3.094779	0.8930675	4.496101	2.350357	2.984854	3.959727	1.200563	2.481906	3.506708	0.5464354	90	True	True
38.68044	62.714	4.751018	5.96365	3.094779	0.8930675	4.496101	2.350357	2.984854	3.959727	1.200563	2.481906	3.506708	0.5464354	90	True	True
38.68044	62.714	4.751018	5.96365	3.094779	0.8930675	4.496101	2.350357	2.984854	3.959727	1.200563	2.481906	3.506708	0.5464354	90	True	True
37.79867	65.07477	4.868484	6.234508	3.233309	0.9230247	4.59798	2.533119	3.151934	3.900782	1.48754	2.425912	3.708075	0.59049	90	True	True
37.79867	65.07477	4.868484	6.234508	3.233309	0.9230247	4.59798	2.533119	3.151934	3.900782	1.48754	2.425912	3.708075	0.59049	90	True	True
37.79867	65.07477	4.868484	6.234508	3.233309	0.9230247	4.59798	2.533119	3.151934	3.900782	1.48754	2.425912	3.708075	0.59049	90	True	True
37.79867	65.07477	4.868484	6.234508	3.233309	0.9230247	4.59798	2.533119	3.151934	3.900782	1.48754	2.425912	3.708075	0.59049	90	True	True
37.79867	65.07477	4.868484	6.234508	3.233309	0.9230247	4.59798	2.533119	3.151934	3.900782	1.48754	2.425912	3.708075	0.59049	90	True	True
38.64157	64.14568	4.878251	6.009521	3.183394	1.026598	4.312656	2.487343	2.831093	3.969808	1.383953	2.368347	3.494577	0.7656571	90	True	True
38.64157	64.14568	4.878251	6.009521	3.183394	1.026598	4.312656	2.487343	2.831093	3.969808	1.383953	2.368347	3.494577	0.7656571	90	True	True
38.64157	64.14568	4.878251	6.009521	3.183394	1.026598	4.312656	2.487343	2.831093	3.969808	1.383953	2.368347	3.494577	0.7656571	90	True	True
38.64157	64.14568	4.878251	6.009521	3.183394	1.026598	4.312656	2.487343	2.831093	3.969808	1.383953	2.368347	3.494577	0.7656571	90	True	True
38.64157	64.14568	4.878251	6.009521	3.183394	1.026598	4.312656	2.487343	2.831093	3.969808	1.383953	2.368347	3.494577	0.7656571	90	True	True
37.97647	66.2694	4.639672	6.077768	2.88221	0.8866881	4.595631	2.248382	2.996178	3.911164	1.241271	2.226074	3.650169	0.5370507	90	True	True
37.97647	66.2694	4.639672	6.077768	2.88221	0.8866881	4.595631	2.248382	2.996178	3.911164	1.241271	2.226074	3.650169	0.5370507	90	True	True
37.97647	66.2694	4.639672	6.077768	2.88221	0.8866881	4.595631	2.248382	2.996178	3.911164	1.241271	2.226074	3.650169	0.5370507	90	True	True
37.97647	66.2694	4.639672	6.077768	2.88221	0.8866881	4.595631	2.248382	2.996178	3.911164	1.241271	2.226074	3.650169	0.5370507	90	True	True
39.35082	65.92725	4.603855	5.987788	3.200633	1.022581	4.601382	2.666239	2.732943	4.105606	1.422708	2.374208	3.203502	0.5196337	90	True	True
39.35082	65.92725	4.603855	5.987788	3.200633	1.022581	4.601382	2.666239	2.732943	4.105606	1.422708	2.374208	3.203502	0.5196337	90	True	True
39.35082	65.92725	4.603855	5.987788	3.200633	1.022581	4.601382	2.666239	2.732943	4.105606	1.422708	2.374208	3.203502	0.5196337	90	True	True
39.35082	65.92725	4.603855	5.987788	3.200633	1.022581	4.601382	2.666239	2.732943	4.105606	1.422708	2.374208	3.203502	0.5196337	90	True	True
39.35082	65.92725	4.603855	5.987788	3.200633	1.022581	4.601382	2.666239	2.732943	4.105606	1.422708	2.374208	3.203502	0.5196337	90	True	True
37.62025	64.26351	4.328161	6.201654	3.420511	0.7793311	4.515226	2.605041	2.845436	3.965109	1.505585	2.448957	3.471136	0.4401303	90	True	True
37.62025	64.26351	4.328161	6.201654	3.420511	0.7793311	4.515226	2.605041	2.845436	3.965109	1.505585	2.448957	3.471136	0.4401303	90	True	True
37.62025	64.26351	4.328161	6.201654	3.420511	0.7793311	4.515226	2.605041	2.845436	3.965109	1.505585	2.448957	3.471136	0.4401303	90	True	True
37.62025	64.26351	4.328161	6.201654	3.420511	0.7793311	4.515226	2.605041	2.845436	3.965109	1.505585	2.448957	3.471136	0.4401303	90	True	True
37.66285	65.88152	4.224247	6.365101	3.470631	0.7710119	4.672307	2.646924	2.715772	3.834406	1.41111	2.640489	3.688377	0.5881678	90	True	True
37.66285	65.88152	4.224247	6.365101	3.470631	0.7710119	4.672307	2.646924	2.715772	3.834406	1.41111	2.640489	3.688377	0.5881678	90	True	True
37.66285	65.88152	4.224247	6.365101	3.470631	0.7710119	4.672307	2.646924	2.715772	3.834406	1.41111	2.640489	3.688377	0.5881678	90	True	True
37.66285	65.88152	4.224247	6.365101	3.470631	0.7710119	4.672307	2.646924	2.715772	3.834406	1.41111	2.640489	3.688377	0.5881678	90	True	True
37.66285	65.88152	4.224247	6.365101	3.470631	0.7710119	4.672307	2.646924	2.715772	3.834406	1.41111	2.640489	3.688377	0.5881678	90	True	True
37.86668	63.90274	4.340223	6.273194	3.250521	0.9108533	4.494872	2.584441	2.751931	3.81352	1.391139	2.708764	3.542266	0.7457266	90	True	True
37.86668	63.90274	4.340223	6.273194	3.250521	0.9108533	4.494872	2.584441	2.751931	3.81352	1.391139	2.708764	3.542266	0.7457266	90	True	True
37.86668	63.90274	4.340223	6.273194	3.250521	0.9108533	4.494872	2.584441	2.751931	3.81352	1.391139	2.708764	3.542266	0.7457266	90	True	True
37.86668	63.90274	4.340223	6.273194	3.250521	0.9108533	4.494872	2.584441	2.751931	3.81352	1.391139	2.708764	3.542266	0.7457266	90	True	True
36.47894	66.87772	4.246526	6.138134	3.230399	0.8554604	4.488862	2.479625	2.570097	3.794423	1.325446	2.760947	3.432614	0.6061995	90	True	True
36.47894	66.87772	4.246526	6.138134	3.230399	0.8554604	4.488862	2.479625	2.570097	3.794423	1.325446	2.760947	3.432614	0.6061995	90	True	True
36.47894	66.87772	4.246526	6.138134	3.230399	0.8554604	4.488862	2.479625	2.570097	3.794423	1.325446	2.760947	3.432614	0.6061995	90	True	True
36.47894	66.87772	4.246526	6.138134	3.230399	0.8554604	4.488862	2.479625	2.570097	3.794423	1.325446	2.760947	3.432614	0.6061995	90	True	True
36.47894	66.87772	4.246526	6.138134	3.230399	0.8554604	4.488862	2.479625	2.570097	3.794423	1.325446	2.760947	3.432614	0.6061995	90	True	True
36.91577	70.55621	4.455052	6.054887	3.066119	0.8296833	4.513409	2.66307	2.61336	3.605103	1.279315	2.940184	3.590528	0.5237591	90	True	True
36.91577	70.55621	4.455052	6.054887	3.066119	0.8296833	4.513409	2.66307	2.61336	3.605103	1.279315	2.940184	3.590528	0.5237591	90	True	True
36.91577	70.55621	4.455052	6.054887	3.066119	0.8296833	4.513409	2.66307	2.61336	3.605103	1.279315	2.940184	3.590528	0.5237591	90	True	True
36.91577	70.55621	4.455052	6.054887	3.066119	0.8296833	4.513409	2.66307	2.61336	3.605103	1.279315	2.940184	3.590528	0.5237591	90	True	True
37.80489	71.467	4.366683	6.121604	3.178599	0.81228	4.758517	2.719446	2.487507	3.824079	1.181015	2.702111	3.487897	0.6685181	90	True	True
37.80489	71.467	4.366683	6.121604	3.178599	0.81228	4.758517	2.719446	2.487507	3.824079	1.181015	2.702111	3.487897	0.6685181	90	True	True
37.80489	71.467	4.366683	6.121604	3.178599	0.81228	4.758517	2.719446	2.487507	3.824079	1.181015	2.702111	3.487897	0.6685181	90	True	True
37.80489	71.467	4.366683	6.121604	3.178599	0.81228	4.758517	2.719446	2.487507	3.824079	1.181015	2.702111	3.487897	0.6685181	90	True	True
37.80489	71.467	4.366683	6.121604	3.178599	0.81228	4.758517	2.719446	2.487507	3.824079	1.181015	2.702111	3.487897	0.6685181	90	True	True
37.82415	70.45826	4.315784	6.219645	3.193953	0.8204352	4.799389	2.792816	2.566587	4.12678	1.255846	2.708122	3.251245	0.5730048	90	True	True
37.82415	70.45826	4.315784	6.219645	3.193953	0.8204352	4.799389	2.792816	2.566587	4.12678	1.255846	2.708122	3.251245	0.5730048	90	True	True
37.82415	70.45826	4.315784	6.219645	3.193953	0.8204352	4.799389	2.792816	2.566587	4.12678	1.255846	2.708122	3.251245	0.5730048	90	True	True
37.82415	70.45826	4.315784	6.219645	3.193953	0.8204352	4.799389	2.792816	2.566587	4.12678	1.255846	2.708122	3.251245	0.5730048	90	True	True
37.82415	70.45826	4.315784	6.219645	3.193953	0.8204352	4.799389	2.792816	2.566587	4.12678	1.255846	2.708122	3.251245	0.5730048	90	True	True
38.01113	71.8116	4.508451	6.189879	3.101227	0.8353251	4.728451	2.687372	2.659764	4.253671	1.139173	2.788814	3.397247	0.82732	90	True	True
38.01113	71.8116	4.508451	6.189879	3.101227	0.8353251	4.728451	2.687372	2.659764	4.253671	1.139173	2.788814	3.397247	0.82732	90	True	True
38.01113	71.8116	4.508451	6.189879	3.101227	0.8353251	4.728451	2.687372	2.659764	4.253671	1.139173	2.788814	3.397247	0.82732	90	True	True
38.01113	71.8116	4.508451	6.189879	3.101227	0.8353251	4.728451	2.687372	2.659764	4.253671	1.139173	2.788814	3.397247	0.82732	90	True	True
37.86081	72.34116	4.561917	6.254356	3.176878	0.8315684	4.782983	2.696019	2.772626	4.100497	1.112767	2.866965	3.38263	0.9362752	90	True	True
37.86081	72.34116	4.561917	6.254356	3.176878	0.8315684	4.782983	2.696019	2.772626	4.100497	1.112767	2.866965	3.38263	0.9362752	90	True	True
37.86081	72.34116	4.561917	6.254356	3.176878	0.8315684	4.782983	2.696019	2.772626	4.100497	1.112767	2.866965	3.38263	0.9362752	90	True	True
37.86081	72.34116	4.561917	6.254356	3.176878	0.8315684	4.782983	2.696019	2.772626	4.100497	1.112767	2.866965	3.38263	0.9362752	90	True	True
37.86081	72.34116	4.561917	6.254356	3.176878	0.8315684	4.782983	2.696019	2.772626	4.100497	1.112767	2.866965	3.38263	0.9362752	90	True	True
37.91869	73.18925	4.414153	6.264123	3.171072	0.7790853	4.862446	2.662851	2.692249	4.066018	1.182504	2.936715	3.487173	0.912998	90	True	True
37.91869	73.18925	4.414153	6.264123	3.171072	0.7790853	4.862446	2.662851	2.692249	4.066018	1.182504	2.936715	3.487173	0.912998	90	True	True
37.91869	73.18925	4.414153	6.264123	3.171072	0.7790853	4.862446	2.662851	2.692249	4.066018	1.182504	2.936715	3.487173	0.912998	90	True	True
37.91869	73.18925	4.414153	6.264123	3.171072	0.7790853	4.862446	2.662851	2.692249	4.066018	1.182504	2.936715	3.487173	0.912998	90	True	True
37.91869	73.18925	4.414153	6.264123	3.171072	0.7790853	4.862446	2.662851	2.692249	4.066018	1.182504	2.936715	3.487173	0.912998	90	True	True
38.03211	71.80565	4.593541	6.12237	3.329546	0.7720228	4.753285	2.951208	2.670201	4.082452	1.33677	2.566887	3.545749	0.7600154	90	True	True
38.03211	71.80565	4.593541	6.12237	3.329546	0.7720228	4.753285	2.951208	2.670201	4.082452	1.33677	2.566887	3.545749	0.7600154	90	True	True
38.03211	71.80565	4.593541	6.12237	3.329546	0.7720228	4.753285	2.951208	2.670201	4.082452	1.33677	2.566887	3.545749	0.7600154	90	True	True
38.03211	71.80565	4.593541	6.12237	3.329546	0.7720228	4.753285	2.951208	2.670201	4.082452	1.33677	2.566887	3.545749	0.7600154	90	True	True
37.87524	72.3998	4.55827	6.278535	3.075163	0.7800961	4.828076	2.568868	2.769156	4.161231	1.189102	2.847362	3.508156	0.7717633	90	True	True
37.87524	72.3998	4.55827	6.278535	3.075163	0.7800961	4.828076	2.568868	2.769156	4.161231	1.189102	2.847362	3.508156	0.7717633	90	True	True
37.87524	72.3998	4.55827	6.278535	3.075163	0.7800961	4.828076	2.568868	2.769156	4.161231	1.189102	2.847362	3.508156	0.7717633	90	True	True
37.87524	72.3998	4.55827	6.278535	3.075163	0.7800961	4.828076	2.568868	2.769156	4.161231	1.189102	2.847362	3.508156	0.7717633	90	True	True
37.87524	72.3998	4.55827	6.278535	3.075163	0.7800961	4.828076	2.568868	2.769156	4.161231	1.189102	2.847362	3.508156	0.7717633	90	True	True
38.19647	70.94923	4.576288	6.271568	3.243226	0.8369643	4.555825	2.72211	2.637525	4.065048	1.261297	2.569783	3.631673	0.7671871	90	True	True
38.19647	70.94923	4.576288	6.271568	3.243226	0.8369643	4.555825	2.72211	2.637525	4.065048	1.261297	2.569783	3.631673	0.7671871	90	True	True
38.19647	70.94923	4.576288	6.271568	3.243226	0.8369643	4.555825	2.72211	2.637525	4.065048	1.261297	2.569783	3.631673	0.7671871	90	True	True
38.19647	70.94923	4.576288	6.271568	3.243226	0.8369643	4.555825	2.72211	2.637525	4.065048	1.261297	2.569783	3.631673	0.7671871	90	True	True
37.85887	71.48685	4.444697	6.321674	3.438379	0.6476997	4.695898	2.820014	2.752136	3.921409	1.368025	2.847226	3.656821	0.6878476	90	True	True
37.85887	71.48685	4.444697	6.321674	3.438379	0.6476997	4.695898	2.820014	2.752136	3.921409	1.368025	2.847226	3.656821	0.6878476	90	True	True
37.85887	71.48685	4.444697	6.321674	3.438379	0.6476997	4.695898	2.820014	2.752136	3.921409	1.368025	2.847226	3.656821	0.6878476	90	True	True
37.85887	71.48685	4.444697	6.321674	3.438379	0.6476997	4.695898	2.820014	2.752136	3.921409	1.368025	2.847226	3.656821	0.6878476	90	True	True
37.85887	71.48685	4.444697	6.321674	3.438379	0.6476997	4.695898	2.820014	2.752136	3.921409	1.368025	2.847226	3.656821	0.6878476	90	True	True
38.00176	71.53942	4.367981	6.353667	3.41644	0.653724	4.78913	2.760455	2.708696	4.034832	1.34304	2.812993	3.696764	0.7467648	90	True	True
38.00176	71.53942	4.367981	6.353667	3.41644	0.653724	4.78913	2.760455	2.708696	4.034832	1.34304	2.812993	3.696764	0.7467648	90	True	True
38.00176	71.53942	4.367981	6.353667	3.41644	0.653724	4.78913	2.760455	2.708696	4.034832	1.34304	2.812993	3.696764	0.7467648	90	True	True
38.00176	71.53942	4.367981	6.353667	3.41644	0.653724	4.78913	2.760455	2.708696	4.034832	1.34304	2.812993	3.696764	0.7467648	90	True	True
37.9831	68.30122	4.551645	6.302072	3.394078	0.7865848	4.686541	2.824181	2.673274	4.061961	1.247568	2.639301	3.71552	0.9268222	90	True	True
37.9831	68.30122	4.551645	6.302072	3.394078	0.7865848	4.686541	2.824181	2.673274	4.061961	1.247568	2.639301	3.71552	0.9268222	90	True	True
37.9831	68.30122	4.551645	6.302072	3.394078	0.7865848	4.686541	2.824181	2.673274	4.061961	1.247568	2.639301	3.71552	0.9268222	90	True	True
37.9831	68.30122	4.551645	6.302072	3.394078	0.7865848	4.686541	2.824181	2.673274	4.061961	1.247568	2.639301	3.71552	0.9268222	90	True	True
37.9831	68.30122	4.551645	6.302072	3.394078	0.7865848	4.686541	2.824181	2.673274	4.061961	1.247568	2.639301	3.71552	0.9268222	90	True	True
37.6688	69.92496	4.490392	6.345853	3.389515	0.8096299	4.7795	2.83489	2.768105	4.100073	1.320419	2.809509	3.690508	0.9162081	90	True	True
37.6688	69.92496	4.490392	6.345853	3.389515	0.8096299	4.7795	2.83489	2.768105	4.100073	1.320419	2.809509	3.690508	0.9162081	90	True	True
37.6688	69.92496	4.490392	6.345853	3.389515	0.8096299	4.7795	2.83489	2.768105	4.100073	1.320419	2.809509	3.690508	0.9162081	90	True	True
37.6688	69.92496	4.490392	6.345853	3.389515	0.8096299	4.7795	2.83489	2.768105	4.100073	1.320419	2.809509	3.690508	0.9162081	90	True	True
37.93113	70.20555	4.618799	6.424824	3.346608	0.8158863	4.741278	2.673206	2.762217	4.097915	1.200235	2.742874	3.812236	1.022581	90	True	True
37.93113	70.20555	4.618799	6.424824	3.346608	0.8158863	4.741278	2.673206	2.762217	4.097915	1.200235	2.742874	3.812236	1.022581	90	True	True
37.93113	70.20555	4.618799	6.424824	3.346608	0.8158863	4.741278	2.673206	2.762217	4.097915	1.200235	2.742874	3.812236	1.022581	90	True	True
37.93113	70.20555	4.618799	6.424824	3.346608	0.8158863	4.741278	2.673206	2.762217	4.097915	1.200235	2.742874	3.812236	1.022581	90	True	True
37.93113	70.20555	4.618799	6.424824	3.346608	0.8158863	4.741278	2.673206	2.762217	4.097915	1.200235	2.742874	3.812236	1.022581	90	True	True
37.95343	70.41441	4.422663	6.468264	3.45865	0.7364785	4.822229	2.836625	2.73674	4.00008	1.457897	2.76484	3.861891	0.8348606	90	True	True
37.95343	70.41441	4.422663	6.468264	3.45865	0.7364785	4.822229	2.836625	2.73674	4.00008	1.457897	2.76484	3.861891	0.8348606	90	True	True
37.95343	70.41441	4.422663	6.468264	3.45865	0.7364785	4.822229	2.836625	2.73674	4.00008	1.457897	2.76484	3.861891	0.8348606	90	True	True
37.95343	70.41441	4.422663	6.468264	3.45865	0.7364785	4.822229	2.836625	2.73674	4.00008	1.457897	2.76484	3.861891	0.8348606	90	True	True
37.95343	70.41441	4.422663	6.468264	3.45865	0.7364785	4.822229	2.836625	2.73674	4.00008	1.457897	2.76484	3.861891	0.8348606	90	True	True
38.04957	71.7617	4.622911	6.368366	3.338357	0.7600154	4.724517	2.621146	2.770782	4.011418	1.19697	2.809714	3.72914	0.8775902	90	True	True
38.04957	71.7617	4.622911	6.368366	3.338357	0.7600154	4.724517	2.621146	2.770782	4.011418	1.19697	2.809714	3.72914	0.8775902	90	True	True
38.04957	71.7617	4.622911	6.368366	3.338357	0.7600154	4.724517	2.621146	2.770782	4.011418	1.19697	2.809714	3.72914	0.8775902	90	True	True
38.04957	71.7617	4.622911	6.368366	3.338357	0.7600154	4.724517	2.621146	2.770782	4.011418	1.19697	2.809714	3.72914	0.8775902	90	True	True
37.6115	73.53017	4.661447	6.486938	3.509563	0.7265884	4.739543	2.778692	2.620764	4.023643	1.328246	2.564224	3.834557	0.8355573	90	True	True
37.6115	73.53017	4.661447	6.486938	3.509563	0.7265884	4.739543	2.778692	2.620764	4.023643	1.328246	2.564224	3.834557	0.8355573	90	True	True
37.6115	73.53017	4.661447	6.486938	3.509563	0.7265884	4.739543	2.778692	2.620764	4.023643	1.328246	2.564224	3.834557	0.8355573	90	True	True
37.6115	73.53017	4.661447	6.486938	3.509563	0.7265884	4.739543	2.778692	2.620764	4.023643	1.328246	2.564224	3.834557	0.8355573	90	True	True
37.6115	73.53017	4.661447	6.486938	3.509563	0.7265884	4.739543	2.778692	2.620764	4.023643	1.328246	2.564224	3.834557	0.8355573	90	True	True
37.98108	74.62605	4.64194	6.516471	3.44122	0.789071	4.676719	2.678902	2.647893	4.049994	1.267171	2.654901	3.89973	0.9119324	90	True	True
37.98108	74.62605	4.64194	6.516471	3.44122	0.789071	4.676719	2.678902	2.647893	4.049994	1.267171	2.654901	3.89973	0.9119324	90	True	True
37.98108	74.62605	4.64194	6.516471	3.44122	0.789071	4.676719	2.678902	2.647893	4.049994	1.267171	2.654901	3.89973	0.9119324	90	True	True
37.98108	74.62605	4.64194	6.516471	3.44122	0.789071	4.676719	2.678902	2.647893	4.049994	1.267171	2.654901	3.89973	0.9119324	90	True	True
38.21785	71.58241	4.685298	6.431723	3.684989	0.6708541	4.62466	3.078796	2.506003	4.001937	1.475519	2.460678	3.7528	0.6932298	90	True	True
38.21785	71.58241	4.685298	6.431723	3.684989	0.6708541	4.62466	3.078796	2.506003	4.001937	1.475519	2.460678	3.7528	0.6932298	90	True	True
38.21785	71.58241	4.685298	6.431723	3.684989	0.6708541	4.62466	3.078796	2.506003	4.001937	1.475519	2.460678	3.7528	0.6932298	90	True	True
38.21785	71.58241	4.685298	6.431723	3.684989	0.6708541	4.62466	3.078796	2.506003	4.001937	1.475519	2.460678	3.7528	0.6932298	90	True	True
38.21785	71.58241	4.685298	6.431723	3.684989	0.6708541	4.62466	3.078796	2.506003	4.001937	1.475519	2.460678	3.7528	0.6932298	90	True	True
38.45192	71.27202	4.658414	6.420863	3.839311	0.677534	4.631981	3.113384	2.457017	4.19433	1.576196	2.286016	3.821975	0.5685515	90	True	True
38.45192	71.27202	4.658414	6.420863	3.839311	0.677534	4.631981	3.113384	2.457017	4.19433	1.576196	2.286016	3.821975	0.5685515	90	True	True
38.45192	71.27202	4.658414	6.420863	3.839311	0.677534	4.631981	3.113384	2.457017	4.19433	1.576196	2.286016	3.821975	0.5685515	90	True	True
38.45192	71.27202	4.658414	6.420863	3.839311	0.677534	4.631981	3.113384	2.457017	4.19433	1.576196	2.286016	3.821975	0.5685515	90	True	True
38.45192	71.27202	4.658414	6.420863	3.839311	0.677534	4.631981	3.113384	2.457017	4.19433	1.576196	2.286016	3.821975	0.5685515	90	True	True
38.60363	71.43037	4.80514	6.520283	3.773713	0.6982978	4.706567	2.892728	2.663302	4.322096	1.371877	2.491591	3.917762	0.7737987	90	True	True
38.60363	71.43037	4.80514	6.520283	3.773713	0.6982978	4.706567	2.892728	2.663302	4.322096	1.371877	2.491591	3.917762	0.7737987	90	True	True
38.60363	71.43037	4.80514	6.520283	3.773713	0.6982978	4.706567	2.892728	2.663302	4.322096	1.371877	2.491591	3.917762	0.7737987	90	True	True
38.60363	71.43037	4.80514	6.520283	3.773713	0.6982978	4.706567	2.892728	2.663302	4.322096	1.371877	2.491591	3.917762	0.7737987	90	True	True
38.82768	71.72863	4.582695	6.490544	3.881111	0.52115	4.796521	2.920008	2.493476	4.125113	1.436136	2.326751	4.164387	0.56821	90	True	True
38.82768	71.72863	4.582695	6.490544	3.881111	0.52115	4.796521	2.920008	2.493476	4.125113	1.436136	2.326751	4.164387	0.56821	90	True	True
38.82768	71.72863	4.582695	6.490544	3.881111	0.52115	4.796521	2.920008	2.493476	4.125113	1.436136	2.326751	4.164387	0.56821	90	True	True
38.82768	71.72863	4.582695	6.490544	3.881111	0.52115	4.796521	2.920008	2.493476	4.125113	1.436136	2.326751	4.164387	0.56821	90	True	True
38.82768	71.72863	4.582695	6.490544	3.881111	0.52115	4.796521	2.920008	2.493476	4.125113	1.436136	2.326751	4.164387	0.56821	90	True	True
38.49505	71.50309	4.580946	6.450833	3.810952	0.5591805	4.765922	2.895433	2.486086	4.059557	1.411247	2.457659	4.116043	0.6110216	90	True	True
38.49505	71.50309	4.580946	6.450833	3.810952	0.5591805	4.765922	2.895433	2.486086	4.059557	1.411247	2.457659	4.116043	0.6110216	90	True	True
38.49505	71.50309	4.580946	6.450833	3.810952	0.5591805	4.765922	2.895433	2.486086	4.059557	1.411247	2.457659	4.116043	0.6110216	90	True	True
38.49505	71.50309	4.580946	6.450833	3.810952	0.5591805	4.765922	2.895433	2.486086	4.059557	1.411247	2.457659	4.116043	0.6110216	90	True	True
38.59502	73.45971	4.480515	6.458469	3.899935	0.4187108	4.818405	2.934379	2.442878	3.96862	1.421478	2.28088	3.877669	0.4130691	90	True	True
38.59502	73.45971	4.480515	6.458469	3.899935	0.4187108	4.818405	2.934379	2.442878	3.96862	1.421478	2.28088	3.877669	0.4130691	90	True	True
38.59502	73.45971	4.480515	6.458469	3.899935	0.4187108	4.818405	2.934379	2.442878	3.96862	1.421478	2.28088	3.877669	0.4130691	90	True	True
38.59502	73.45971	4.480515	6.458469	3.899935	0.4187108	4.818405	2.934379	2.442878	3.96862	1.421478	2.28088	3.877669	0.4130691	90	True	True
38.59502	73.45971	4.480515	6.458469	3.899935	0.4187108	4.818405	2.934379	2.442878	3.96862	1.421478	2.28088	3.877669	0.4130691	90	True	True
38.39182	72.96268	4.440476	6.374267	3.80266	0.432057	4.805577	2.880448	2.464503	3.945014	1.375866	2.395463	3.860156	0.4809202	90	True	True
38.39182	72.96268	4.440476	6.374267	3.80266	0.432057	4.805577	2.880448	2.464503	3.945014	1.375866	2.395463	3.860156	0.4809202	90	True	True
38.39182	72.96268	4.440476	6.374267	3.80266	0.432057	4.805577	2.880448	2.464503	3.945014	1.375866	2.395463	3.860156	0.4809202	90	True	True
38.39182	72.96268	4.440476	6.374267	3.80266	0.432057	4.805577	2.880448	2.464503	3.945014	1.375866	2.395463	3.860156	0.4809202	90	True	True
38.1643	71.75081	4.540621	6.353626	3.848982	0.4597056	4.795551	2.967218	2.517929	3.930439	1.387764	2.542681	3.841346	0.4861794	90	True	True
38.1643	71.75081	4.540621	6.353626	3.848982	0.4597056	4.795551	2.967218	2.517929	3.930439	1.387764	2.542681	3.841346	0.4861794	90	True	True
38.1643	71.75081	4.540621	6.353626	3.848982	0.4597056	4.795551	2.967218	2.517929	3.930439	1.387764	2.542681	3.841346	0.4861794	90	True	True
38.1643	71.75081	4.540621	6.353626	3.848982	0.4597056	4.795551	2.967218	2.517929	3.930439	1.387764	2.542681	3.841346	0.4861794	90	True	True
38.1643	71.75081	4.540621	6.353626	3.848982	0.4597056	4.795551	2.967218	2.517929	3.930439	1.387764	2.542681	3.841346	0.4861794	90	True	True
38.64436	71.05589	4.821218	6.377682	3.870497	0.6071557	4.810222	3.076884	2.602254	4.092041	1.437078	2.517464	3.839051	0.5341274	90	True	True
38.64436	71.05589	4.821218	6.377682	3.870497	0.6071557	4.810222	3.076884	2.602254	4.092041	1.437078	2.517464	3.839051	0.5341274	90	True	True
38.64436	71.05589	4.821218	6.377682	3.870497	0.6071557	4.810222	3.076884	2.602254	4.092041	1.437078	2.517464	3.839051	0.5341274	90	True	True
38.64436	71.05589	4.821218	6.377682	3.870497	0.6071557	4.810222	3.076884	2.602254	4.092041	1.437078	2.517464	3.839051	0.5341274	90	True	True
38.59641	71.19976	4.863129	6.307796	3.678869	0.6685181	4.728533	2.841516	2.619125	4.04229	1.336319	2.579592	3.800761	0.5333897	90	True	True
38.59641	71.19976	4.863129	6.307796	3.678869	0.6685181	4.728533	2.841516	2.619125	4.04229	1.336319	2.579592	3.800761	0.5333897	90	True	True
38.59641	71.19976	4.863129	6.307796	3.678869	0.6685181	4.728533	2.841516	2.619125	4.04229	1.336319	2.579592	3.800761	0.5333897	90	True	True
38.59641	71.19976	4.863129	6.307796	3.678869	0.6685181	4.728533	2.841516	2.619125	4.04229	1.336319	2.579592	3.800761	0.5333897	90	True	True
38.59641	71.19976	4.863129	6.307796	3.678869	0.6685181	4.728533	2.841516	2.619125	4.04229	1.336319	2.579592	3.800761	0.5333897	90	True	True
38.41731	73.23537	4.671391	6.410344	3.858941	0.430691	4.645355	2.932384	2.524144	3.932229	1.451982	2.439026	3.903747	0.2446913	90	True	True
38.41731	73.23537	4.671391	6.410344	3.858941	0.430691	4.645355	2.932384	2.524144	3.932229	1.451982	2.439026	3.903747	0.2446913	90	True	True
38.41731	73.23537	4.671391	6.410344	3.858941	0.430691	4.645355	2.932384	2.524144	3.932229	1.451982	2.439026	3.903747	0.2446913	90	True	True
38.41731	73.23537	4.671391	6.410344	3.858941	0.430691	4.645355	2.932384	2.524144	3.932229	1.451982	2.439026	3.903747	0.2446913	90	True	True
38.41731	73.23537	4.671391	6.410344	3.858941	0.430691	4.645355	2.932384	2.524144	3.932229	1.451982	2.439026	3.903747	0.2446913	90	True	True
38.89399	74.70705	4.797627	6.62081	3.878584	0.5577735	4.821136	2.996438	2.476305	4.119703	1.501159	2.281645	3.842206	0.3333744	90	True	True
38.89399	74.70705	4.797627	6.62081	3.878584	0.5577735	4.821136	2.996438	2.476305	4.119703	1.501159	2.281645	3.842206	0.3333744	90	True	True
38.89399	74.70705	4.797627	6.62081	3.878584	0.5577735	4.821136	2.996438	2.476305	4.119703	1.501159	2.281645	3.842206	0.3333744	90	True	True
38.89399	74.70705	4.797627	6.62081	3.878584	0.5577735	4.821136	2.996438	2.476305	4.119703	1.501159	2.281645	3.842206	0.3333744	90	True	True
38.97233	73.61024	4.745281	6.637585	3.847261	0.4969302	4.837474	2.93778	2.491673	3.991501	1.437078	2.365957	3.88801	0.4177819	90	True	True
38.97233	73.61024	4.745281	6.637585	3.847261	0.4969302	4.837474	2.93778	2.491673	3.991501	1.437078	2.365957	3.88801	0.4177819	90	True	True
38.97233	73.61024	4.745281	6.637585	3.847261	0.4969302	4.837474	2.93778	2.491673	3.991501	1.437078	2.365957	3.88801	0.4177819	90	True	True
38.97233	73.61024	4.745281	6.637585	3.847261	0.4969302	4.837474	2.93778	2.491673	3.991501	1.437078	2.365957	3.88801	0.4177819	90	True	True
38.97233	73.61024	4.745281	6.637585	3.847261	0.4969302	4.837474	2.93778	2.491673	3.991501	1.437078	2.365957	3.88801	0.4177819	90	True	True
39.06569	71.10616	4.880819	6.482225	3.860416	0.5868428	4.694642	3.049536	2.523434	3.808124	1.46567	2.367938	4.117654	0.4973263	90	True	True
39.06569	71.10616	4.880819	6.482225	3.860416	0.5868428	4.694642	3.049536	2.523434	3.808124	1.46567	2.367938	4.117654	0.4973263	90	True	True
39.06569	71.10616	4.880819	6.482225	3.860416	0.5868428	4.694642	3.049536	2.523434	3.808124	1.46567	2.367938	4.117654	0.4973263	90	True	True
39.06569	71.10616	4.880819	6.482225	3.860416	0.5868428	4.694642	3.049536	2.523434	3.808124	1.46567	2.367938	4.117654	0.4973263	90	True	True
38.82097	69.46459	4.968614	6.35573	3.683869	0.7192801	4.695488	3.040206	2.578526	3.892094	1.540651	2.49599	3.984821	0.5675133	90	True	True
38.82097	69.46459	4.968614	6.35573	3.683869	0.7192801	4.695488	3.040206	2.578526	3.892094	1.540651	2.49599	3.984821	0.5675133	90	True	True
38.82097	69.46459	4.968614	6.35573	3.683869	0.7192801	4.695488	3.040206	2.578526	3.892094	1.540651	2.49599	3.984821	0.5675133	90	True	True
38.82097	69.46459	4.968614	6.35573	3.683869	0.7192801	4.695488	3.040206	2.578526	3.892094	1.540651	2.49599	3.984821	0.5675133	90	True	True
38.82097	69.46459	4.968614	6.35573	3.683869	0.7192801	4.695488	3.040206	2.578526	3.892094	1.540651	2.49599	3.984821	0.5675133	90	True	True
39.42445	67.5798	5.000415	6.338367	3.751543	0.7279271	4.711812	2.96312	2.672974	4.023411	1.510517	2.574578	3.9288	0.5990551	90	True	True
39.42445	67.5798	5.000415	6.338367	3.751543	0.7279271	4.711812	2.96312	2.672974	4.023411	1.510517	2.574578	3.9288	0.5990551	90	True	True
39.42445	67.5798	5.000415	6.338367	3.751543	0.7279271	4.711812	2.96312	2.672974	4.023411	1.510517	2.574578	3.9288	0.5990551	90	True	True
39.42445	67.5798	5.000415	6.338367	3.751543	0.7279271	4.711812	2.96312	2.672974	4.023411	1.510517	2.574578	3.9288	0.5990551	90	True	True
39.50447	65.26195	5.511751	6.19783	3.426685	1.111702	4.626476	2.875147	2.75342	4.253343	1.544463	2.749868	3.706122	0.8849258	90	True	True
39.50447	65.26195	5.511751	6.19783	3.426685	1.111702	4.626476	2.875147	2.75342	4.253343	1.544463	2.749868	3.706122	0.8849258	90	True	True
39.50447	65.26195	5.511751	6.19783	3.426685	1.111702	4.626476	2.875147	2.75342	4.253343	1.544463	2.749868	3.706122	0.8849258	90	True	True
39.50447	65.26195	5.511751	6.19783	3.426685	1.111702	4.626476	2.875147	2.75342	4.253343	1.544463	2.749868	3.706122	0.8849258	90	True	True
39.70392	63.93999	5.590189	6.128394	3.297048	1.176356	4.687552	2.784033	2.836898	4.151423	1.583012	2.747805	3.711777	0.8835872	90	True	True
39.70392	63.93999	5.590189	6.128394	3.297048	1.176356	4.687552	2.784033	2.836898	4.151423	1.583012	2.747805	3.711777	0.8835872	90	True	True
39.70392	63.93999	5.590189	6.128394	3.297048	1.176356	4.687552	2.784033	2.836898	4.151423	1.583012	2.747805	3.711777	0.8835872	90	True	True
39.70392	63.93999	5.590189	6.128394	3.297048	1.176356	4.687552	2.784033	2.836898	4.151423	1.583012	2.747805	3.711777	0.8835872	90	True	True
39.70392	63.93999	5.590189	6.128394	3.297048	1.176356	4.687552	2.784033	2.836898	4.151423	1.583012	2.747805	3.711777	0.8835872	90	True	True
39.61388	65.1216	5.559603	6.150237	3.339942	1.136769	4.64515	2.799947	2.804004	4.150289	1.562481	2.664108	3.687161	0.8381391	90	True	True
39.61388	65.1216	5.559603	6.150237	3.339942	1.136769	4.64515	2.799947	2.804004	4.150289	1.562481	2.664108	3.687161	0.8381391	90	True	True
39.61388	65.1216	5.559603	6.150237	3.339942	1.136769	4.64515	2.799947	2.804004	4.150289	1.562481	2.664108	3.687161	0.8381391	90	True	True
39.61388	65.1216	5.559603	6.150237	3.339942	1.136769	4.64515	2.799947	2.804004	4.150289	1.562481	2.664108	3.687161	0.8381391	90	True	True
39.61388	65.1216	5.559603	6.150237	3.339942	1.136769	4.64515	2.799947	2.804004	4.150289	1.562481	2.664108	3.687161	0.8381391	90	True	True
40.56997	64.49998	5.444774	6.099502	3.301324	1.183159	4.773353	2.770714	2.896717	4.308572	1.523029	2.656595	3.634268	0.8294511	90	True	True
40.56997	64.49998	5.444774	6.099502	3.301324	1.183159	4.773353	2.770714	2.896717	4.308572	1.523029	2.656595	3.634268	0.8294511	90	True	True
40.56997	64.49998	5.444774	6.099502	3.301324	1.183159	4.773353	2.770714	2.896717	4.308572	1.523029	2.656595	3.634268	0.8294511	90	True	True
40.56997	64.49998	5.444774	6.099502	3.301324	1.183159	4.773353	2.770714	2.896717	4.308572	1.523029	2.656595	3.634268	0.8294511	90	True	True
40.43336	67.43573	5.315301	6.139828	3.351936	1.106238	4.693726	2.762012	2.791191	4.239368	1.475915	2.460609	3.645074	0.789071	90	True	True
40.43336	67.43573	5.315301	6.139828	3.351936	1.106238	4.693726	2.762012	2.791191	4.239368	1.475915	2.460609	3.645074	0.789071	90	True	True
40.43336	67.43573	5.315301	6.139828	3.351936	1.106238	4.693726	2.762012	2.791191	4.239368	1.475915	2.460609	3.645074	0.789071	90	True	True
40.43336	67.43573	5.315301	6.139828	3.351936	1.106238	4.693726	2.762012	2.791191	4.239368	1.475915	2.460609	3.645074	0.789071	90	True	True
40.43336	67.43573	5.315301	6.139828	3.351936	1.106238	4.693726	2.762012	2.791191	4.239368	1.475915	2.460609	3.645074	0.789071	90	True	True
40.50355	66.69627	5.354383	6.148666	3.334655	1.154199	4.687347	2.748365	2.782557	4.217566	1.464727	2.461634	3.655428	0.8444092	90	True	True
40.50355	66.69627	5.354383	6.148666	3.334655	1.154199	4.687347	2.748365	2.782557	4.217566	1.464727	2.461634	3.655428	0.8444092	90	True	True
40.50355	66.69627	5.354383	6.148666	3.334655	1.154199	4.687347	2.748365	2.782557	4.217566	1.464727	2.461634	3.655428	0.8444092	90	True	True
40.50355	66.69627	5.354383	6.148666	3.334655	1.154199	4.687347	2.748365	2.782557	4.217566	1.464727	2.461634	3.655428	0.8444092	90	True	True
39.97673	66.84628	5.302269	6.280885	3.496476	1.011817	4.734789	2.901307	2.725266	4.257441	1.536075	2.548828	3.754725	0.780342	90	True	True
39.97673	66.84628	5.302269	6.280885	3.496476	1.011817	4.734789	2.901307	2.725266	4.257441	1.536075	2.548828	3.754725	0.780342	90	True	True
39.97673	66.84628	5.302269	6.280885	3.496476	1.011817	4.734789	2.901307	2.725266	4.257441	1.536075	2.548828	3.754725	0.780342	90	True	True
39.97673	66.84628	5.302269	6.280885	3.496476	1.011817	4.734789	2.901307	2.725266	4.257441	1.536075	2.548828	3.754725	0.780342	90	True	True
39.97673	66.84628	5.302269	6.280885	3.496476	1.011817	4.734789	2.901307	2.725266	4.257441	1.536075	2.548828	3.754725	0.780342	90	True	True
40.2802	65.21671	5.399462	6.310405	3.455755	1.184976	4.781303	2.900433	2.861569	4.397474	1.575567	2.755127	3.562169	0.7710119	90	True	True
40.2802	65.21671	5.399462	6.310405	3.455755	1.184976	4.781303	2.900433	2.861569	4.397474	1.575567	2.755127	3.562169	0.7710119	90	True	True
40.2802	65.21671	5.399462	6.310405	3.455755	1.184976	4.781303	2.900433	2.861569	4.397474	1.575567	2.755127	3.562169	0.7710119	90	True	True
40.2802	65.21671	5.399462	6.310405	3.455755	1.184976	4.781303	2.900433	2.861569	4.397474	1.575567	2.755127	3.562169	0.7710119	90	True	True
40.43956	65.01755	5.359164	6.278412	3.470508	1.148926	4.754679	2.901239	2.835177	4.322451	1.566975	2.708559	3.611947	0.7584717	90	True	True
40.43956	65.01755	5.359164	6.278412	3.470508	1.148926	4.754679	2.901239	2.835177	4.322451	1.566975	2.708559	3.611947	0.7584717	90	True	True
40.43956	65.01755	5.359164	6.278412	3.470508	1.148926	4.754679	2.901239	2.835177	4.322451	1.566975	2.708559	3.611947	0.7584717	90	True	True
40.43956	65.01755	5.359164	6.278412	3.470508	1.148926	4.754679	2.901239	2.835177	4.322451	1.566975	2.708559	3.611947	0.7584717	90	True	True
40.43956	65.01755	5.359164	6.278412	3.470508	1.148926	4.754679	2.901239	2.835177	4.322451	1.566975	2.708559	3.611947	0.7584717	90	True	True
39.98394	65.63413	5.399681	6.189442	3.357714	1.292852	4.71949	2.860599	2.874191	4.334035	1.573341	2.65609	3.515682	0.762324	90	True	True
39.98394	65.63413	5.399681	6.189442	3.357714	1.292852	4.71949	2.860599	2.874191	4.334035	1.573341	2.65609	3.515682	0.762324	90	True	True
39.98394	65.63413	5.399681	6.189442	3.357714	1.292852	4.71949	2.860599	2.874191	4.334035	1.573341	2.65609	3.515682	0.762324	90	True	True
39.98394	65.63413	5.399681	6.189442	3.357714	1.292852	4.71949	2.860599	2.874191	4.334035	1.573341	2.65609	3.515682	0.762324	90	True	True
40.03575	67.55387	5.292024	6.24657	3.401099	1.16566	4.699942	2.806723	2.845791	4.264982	1.541539	2.555044	3.522813	0.7143624	90	True	True
40.03575	67.55387	5.292024	6.24657	3.401099	1.16566	4.699942	2.806723	2.845791	4.264982	1.541539	2.555044	3.522813	0.7143624	90	True	True
40.03575	67.55387	5.292024	6.24657	3.401099	1.16566	4.699942	2.806723	2.845791	4.264982	1.541539	2.555044	3.522813	0.7143624	90	True	True
40.03575	67.55387	5.292024	6.24657	3.401099	1.16566	4.699942	2.806723	2.845791	4.264982	1.541539	2.555044	3.522813	0.7143624	90	True	True
40.03575	67.55387	5.292024	6.24657	3.401099	1.16566	4.699942	2.806723	2.845791	4.264982	1.541539	2.555044	3.522813	0.7143624	90	True	True
40.22525	64.84933	5.4829	6.267156	3.267706	1.321744	4.681405	2.741808	2.892592	4.228454	1.564598	2.771206	3.601087	0.898313	90	True	True
40.22525	64.84933	5.4829	6.267156	3.267706	1.321744	4.681405	2.741808	2.892592	4.228454	1.564598	2.771206	3.601087	0.898313	90	True	True
40.22525	64.84933	5.4829	6.267156	3.267706	1.321744	4.681405	2.741808	2.892592	4.228454	1.564598	2.771206	3.601087	0.898313	90	True	True
40.22525	64.84933	5.4829	6.267156	3.267706	1.321744	4.681405	2.741808	2.892592	4.228454	1.564598	2.771206	3.601087	0.898313	90	True	True
40.22525	64.84933	5.4829	6.267156	3.267706	1.321744	4.681405	2.741808	2.892592	4.228454	1.564598	2.771206	3.601087	0.898313	90	True	True
40.18885	64.59338	5.543293	6.112848	3.097811	1.405687	4.752247	2.693847	2.901444	4.133514	1.449154	2.649519	3.549492	0.9369036	90	True	True
40.18885	64.59338	5.543293	6.112848	3.097811	1.405687	4.752247	2.693847	2.901444	4.133514	1.449154	2.649519	3.549492	0.9369036	90	True	True
40.18885	64.59338	5.543293	6.112848	3.097811	1.405687	4.752247	2.693847	2.901444	4.133514	1.449154	2.649519	3.549492	0.9369036	90	True	True
40.18885	64.59338	5.543293	6.112848	3.097811	1.405687	4.752247	2.693847	2.901444	4.133514	1.449154	2.649519	3.549492	0.9369036	90	True	True
40.18885	64.59338	5.543293	6.112848	3.097811	1.405687	4.752247	2.693847	2.901444	4.133514	1.449154	2.649519	3.549492	0.9369036	90	True	True
39.90831	64.58262	5.548278	6.18253	3.228582	1.362288	4.775525	2.820082	2.894217	4.099596	1.523289	2.694789	3.582113	0.943365	90	True	True
39.90831	64.58262	5.548278	6.18253	3.228582	1.362288	4.775525	2.820082	2.894217	4.099596	1.523289	2.694789	3.582113	0.943365	90	True	True
39.90831	64.58262	5.548278	6.18253	3.228582	1.362288	4.775525	2.820082	2.894217	4.099596	1.523289	2.694789	3.582113	0.943365	90	True	True
39.90831	64.58262	5.548278	6.18253	3.228582	1.362288	4.775525	2.820082	2.894217	4.099596	1.523289	2.694789	3.582113	0.943365	90	True	True
40.7449	62.81418	5.551038	6.310746	3.24141	1.385647	4.819661	2.81425	2.891239	4.055978	1.598995	2.723476	3.623094	0.8869066	90	True	True
40.7449	62.81418	5.551038	6.310746	3.24141	1.385647	4.819661	2.81425	2.891239	4.055978	1.598995	2.723476	3.623094	0.8869066	90	True	True
40.7449	62.81418	5.551038	6.310746	3.24141	1.385647	4.819661	2.81425	2.891239	4.055978	1.598995	2.723476	3.623094	0.8869066	90	True	True
40.7449	62.81418	5.551038	6.310746	3.24141	1.385647	4.819661	2.81425	2.891239	4.055978	1.598995	2.723476	3.623094	0.8869066	90	True	True
40.67939	62.64667	5.554876	6.288617	3.306774	1.308507	4.777369	2.772968	2.856501	4.190068	1.507265	2.748161	3.531365	0.8827129	90	True	True
40.67939	62.64667	5.554876	6.288617	3.306774	1.308507	4.777369	2.772968	2.856501	4.190068	1.507265	2.748161	3.531365	0.8827129	90	True	True
40.67939	62.64667	5.554876	6.288617	3.306774	1.308507	4.777369	2.772968	2.856501	4.190068	1.507265	2.748161	3.531365	0.8827129	90	True	True
40.67939	62.64667	5.554876	6.288617	3.306774	1.308507	4.777369	2.772968	2.856501	4.190068	1.507265	2.748161	3.531365	0.8827129	90	True	True
40.67939	62.64667	5.554876	6.288617	3.306774	1.308507	4.777369	2.772968	2.856501	4.190068	1.507265	2.748161	3.531365	0.8827129	90	True	True
40.84137	61.23125	5.627126	6.257676	3.276913	1.391699	4.758886	2.750223	2.932917	4.103406	1.549394	2.746945	3.607166	0.8746942	90	True	True
40.84137	61.23125	5.627126	6.257676	3.276913	1.391699	4.758886	2.750223	2.932917	4.103406	1.549394	2.746945	3.607166	0.8746942	90	True	True
40.84137	61.23125	5.627126	6.257676	3.276913	1.391699	4.758886	2.750223	2.932917	4.103406	1.549394	2.746945	3.607166	0.8746942	90	True	True
40.84137	61.23125	5.627126	6.257676	3.276913	1.391699	4.758886	2.750223	2.932917	4.103406	1.549394	2.746945	3.607166	0.8746942	90	True	True
40.68294	64.0352	5.685401	6.336851	3.196166	1.371877	4.780319	2.609016	2.971235	4.184932	1.53684	2.659546	3.69809	0.8515672	90	True	True
40.68294	64.0352	5.685401	6.336851	3.196166	1.371877	4.780319	2.609016	2.971235	4.184932	1.53684	2.659546	3.69809	0.8515672	90	True	True
40.68294	64.0352	5.685401	6.336851	3.196166	1.371877	4.780319	2.609016	2.971235	4.184932	1.53684	2.659546	3.69809	0.8515672	90	True	True
40.68294	64.0352	5.685401	6.336851	3.196166	1.371877	4.780319	2.609016	2.971235	4.184932	1.53684	2.659546	3.69809	0.8515672	90	True	True
40.68294	64.0352	5.685401	6.336851	3.196166	1.371877	4.780319	2.609016	2.971235	4.184932	1.53684	2.659546	3.69809	0.8515672	90	True	True
40.53648	63.98297	5.668804	6.287865	3.270752	1.344789	4.743792	2.684968	2.843237	4.254914	1.463402	2.639752	3.742773	0.9454277	90	True	True
40.53648	63.98297	5.668804	6.287865	3.270752	1.344789	4.743792	2.684968	2.843237	4.254914	1.463402	2.639752	3.742773	0.9454277	90	True	True
40.53648	63.98297	5.668804	6.287865	3.270752	1.344789	4.743792	2.684968	2.843237	4.254914	1.463402	2.639752	3.742773	0.9454277	90	True	True
40.53648	63.98297	5.668804	6.287865	3.270752	1.344789	4.743792	2.684968	2.843237	4.254914	1.463402	2.639752	3.742773	0.9454277	90	True	True
40.65896	63.28978	5.628001	6.276418	3.233309	1.40667	4.756536	2.662851	2.856228	4.239095	1.492785	2.560481	3.49093	0.9920915	90	True	True
40.65896	63.28978	5.628001	6.276418	3.233309	1.40667	4.756536	2.662851	2.856228	4.239095	1.492785	2.560481	3.49093	0.9920915	90	True	True
40.65896	63.28978	5.628001	6.276418	3.233309	1.40667	4.756536	2.662851	2.856228	4.239095	1.492785	2.560481	3.49093	0.9920915	90	True	True
40.65896	63.28978	5.628001	6.276418	3.233309	1.40667	4.756536	2.662851	2.856228	4.239095	1.492785	2.560481	3.49093	0.9920915	90	True	True
40.65896	63.28978	5.628001	6.276418	3.233309	1.40667	4.756536	2.662851	2.856228	4.239095	1.492785	2.560481	3.49093	0.9920915	90	True	True
40.81631	62.68545	5.533279	6.171684	3.272965	1.40861	4.761154	2.786136	2.866487	4.21631	1.528029	2.524909	3.468937	0.9117139	90	True	True
40.81631	62.68545	5.533279	6.171684	3.272965	1.40861	4.761154	2.786136	2.866487	4.21631	1.528029	2.524909	3.468937	0.9117139	90	True	True
40.81631	62.68545	5.533279	6.171684	3.272965	1.40861	4.761154	2.786136	2.866487	4.21631	1.528029	2.524909	3.468937	0.9117139	90	True	True
40.81631	62.68545	5.533279	6.171684	3.272965	1.40861	4.761154	2.786136	2.866487	4.21631	1.528029	2.524909	3.468937	0.9117139	90	True	True
40.61545	60.87168	5.589806	6.198048	3.175826	1.397313	4.706567	2.645749	2.923082	4.098489	1.520707	2.539143	3.544916	0.9747838	90	True	True
40.61545	60.87168	5.589806	6.198048	3.175826	1.397313	4.706567	2.645749	2.923082	4.098489	1.520707	2.539143	3.544916	0.9747838	90	True	True
40.61545	60.87168	5.589806	6.198048	3.175826	1.397313	4.706567	2.645749	2.923082	4.098489	1.520707	2.539143	3.544916	0.9747838	90	True	True
40.61545	60.87168	5.589806	6.198048	3.175826	1.397313	4.706567	2.645749	2.923082	4.098489	1.520707	2.539143	3.544916	0.9747838	90	True	True
40.76825	60.73338	5.569712	6.20466	3.207477	1.394089	4.714217	2.668357	2.908247	4.113187	1.52751	2.522819	3.544369	0.9514109	90	True	True
40.76825	60.73338	5.569712	6.20466	3.207477	1.394089	4.714217	2.668357	2.908247	4.113187	1.52751	2.522819	3.544369	0.9514109	90	True	True
40.76825	60.73338	5.569712	6.20466	3.207477	1.394089	4.714217	2.668357	2.908247	4.113187	1.52751	2.522819	3.544369	0.9514109	90	True	True
40.76825	60.73338	5.569712	6.20466	3.207477	1.394089	4.714217	2.668357	2.908247	4.113187	1.52751	2.522819	3.544369	0.9514109	90	True	True
40.76825	60.73338	5.569712	6.20466	3.207477	1.394089	4.714217	2.668357	2.908247	4.113187	1.52751	2.522819	3.544369	0.9514109	90	True	True
41.22578	61.72586	5.601158	6.25187	3.267938	1.450903	4.807545	2.782202	2.948422	4.121028	1.584365	2.598415	3.516967	0.9261939	90	True	True
41.22578	61.72586	5.601158	6.25187	3.267938	1.450903	4.807545	2.782202	2.948422	4.121028	1.584365	2.598415	3.516967	0.9261939	90	True	True
41.22578	61.72586	5.601158	6.25187	3.267938	1.450903	4.807545	2.782202	2.948422	4.121028	1.584365	2.598415	3.516967	0.9261939	90	True	True
41.22578	61.72586	5.601158	6.25187	3.267938	1.450903	4.807545	2.782202	2.948422	4.121028	1.584365	2.598415	3.516967	0.9261939	90	True	True
41.38778	63.88194	5.725495	6.301266	3.300668	1.470328	4.78245	2.751002	2.968147	4.250679	1.572343	2.671731	3.608901	1.008907	90	True	True
41.38778	63.88194	5.725495	6.301266	3.300668	1.470328	4.78245	2.751002	2.968147	4.250679	1.572343	2.671731	3.608901	1.008907	90	True	True
