36.77103	26.51964	11.07979	6.283193	2.155123	6.723823	5.900402	2.676717	2.436308	5.561789	1.989285	6.622941	1.641397	3.945315	90	True	True
36.77103	26.51964	11.07979	6.283193	2.155123	6.723823	5.900402	2.676717	2.436308	5.561789	1.989285	6.622941	1.641397	3.945315	90	True	True
36.77103	26.51964	11.07979	6.283193	2.155123	6.723823	5.900402	2.676717	2.436308	5.561789	1.989285	6.622941	1.641397	3.945315	90	True	True
36.77103	26.51964	11.07979	6.283193	2.155123	6.723823	5.900402	2.676717	2.436308	5.561789	1.989285	6.622941	1.641397	3.945315	90	True	True
35.80121	25.58867	10.99231	6.419879	2.044883	6.751689	5.8009	2.301712	2.515046	5.35105	1.894551	6.663211	1.634348	3.633722	90	True	True
35.80121	25.58867	10.99231	6.419879	2.044883	6.751689	5.8009	2.301712	2.515046	5.35105	1.894551	6.663211	1.634348	3.633722	90	True	True
35.80121	25.58867	10.99231	6.419879	2.044883	6.751689	5.8009	2.301712	2.515046	5.35105	1.894551	6.663211	1.634348	3.633722	90	True	True
35.80121	25.58867	10.99231	6.419879	2.044883	6.751689	5.8009	2.301712	2.515046	5.35105	1.894551	6.663211	1.634348	3.633722	90	True	True
35.95373	26.29848	11.15565	6.435739	1.949233	6.976253	5.775027	2.503107	2.722684	5.420978	1.847272	7.162047	1.596427	3.51418	90	True	True
35.95373	26.29848	11.15565	6.435739	1.949233	6.976253	5.775027	2.503107	2.722684	5.420978	1.847272	7.162047	1.596427	3.51418	90	True	True
35.95373	26.29848	11.15565	6.435739	1.949233	6.976253	5.775027	2.503107	2.722684	5.420978	1.847272	7.162047	1.596427	3.51418	90	True	True
35.95373	26.29848	11.15565	6.435739	1.949233	6.976253	5.775027	2.503107	2.722684	5.420978	1.847272	7.162047	1.596427	3.51418	90	True	True
35.95373	26.29848	11.15565	6.435739	1.949233	6.976253	5.775027	2.503107	2.722684	5.420978	1.847272	7.162047	1.596427	3.51418	90	True	True
35.14677	26.91983	11.28352	6.113627	1.938155	7.058352	5.676099	2.356504	2.833442	5.334056	1.964137	7.000035	1.667761	3.962104	90	True	True
35.14677	26.91983	11.28352	6.113627	1.938155	7.058352	5.676099	2.356504	2.833442	5.334056	1.964137	7.000035	1.667761	3.962104	90	True	True
35.14677	26.91983	11.28352	6.113627	1.938155	7.058352	5.676099	2.356504	2.833442	5.334056	1.964137	7.000035	1.667761	3.962104	90	True	True
35.14677	26.91983	11.28352	6.113627	1.938155	7.058352	5.676099	2.356504	2.833442	5.334056	1.964137	7.000035	1.667761	3.962104	90	True	True
34.90334	28.67911	11.40256	6.243209	1.839404	7.306834	5.63117	2.457741	3.112059	5.138959	1.814993	7.406582	1.712581	3.375213	90	True	True
34.90334	28.67911	11.40256	6.243209	1.839404	7.306834	5.63117	2.457741	3.112059	5.138959	1.814993	7.406582	1.712581	3.375213	90	True	True
34.90334	28.67911	11.40256	6.243209	1.839404	7.306834	5.63117	2.457741	3.112059	5.138959	1.814993	7.406582	1.712581	3.375213	90	True	True
34.90334	28.67911	11.40256	6.243209	1.839404	7.306834	5.63117	2.457741	3.112059	5.138959	1.814993	7.406582	1.712581	3.375213	90	True	True
34.90334	28.67911	11.40256	6.243209	1.839404	7.306834	5.63117	2.457741	3.112059	5.138959	1.814993	7.406582	1.712581	3.375213	90	True	True
32.85751	30.78941	11.73112	6.001325	1.767345	7.166173	5.388671	2.098814	3.052227	5.198627	1.991143	7.293146	1.573955	3.823765	90	True	True
32.85751	30.78941	11.73112	6.001325	1.767345	7.166173	5.388671	2.098814	3.052227	5.198627	1.991143	7.293146	1.573955	3.823765	90	True	True
32.85751	30.78941	11.73112	6.001325	1.767345	7.166173	5.388671	2.098814	3.052227	5.198627	1.991143	7.293146	1.573955	3.823765	90	True	True
32.85751	30.78941	11.73112	6.001325	1.767345	7.166173	5.388671	2.098814	3.052227	5.198627	1.991143	7.293146	1.573955	3.823765	90	True	True
32.85751	30.78941	11.73112	6.001325	1.767345	7.166173	5.388671	2.098814	3.052227	5.198627	1.991143	7.293146	1.573955	3.823765	90	True	True
32.2712	31.61676	11.43729	6.013428	1.968412	6.990951	5.49779	2.587542	2.834344	5.253597	1.938565	7.313841	1.572084	3.854118	90	True	True
32.2712	31.61676	11.43729	6.013428	1.968412	6.990951	5.49779	2.587542	2.834344	5.253597	1.938565	7.313841	1.572084	3.854118	90	True	True
32.2712	31.61676	11.43729	6.013428	1.968412	6.990951	5.49779	2.587542	2.834344	5.253597	1.938565	7.313841	1.572084	3.854118	90	True	True
32.2712	31.61676	11.43729	6.013428	1.968412	6.990951	5.49779	2.587542	2.834344	5.253597	1.938565	7.313841	1.572084	3.854118	90	True	True
32.2712	31.61676	11.43729	6.013428	1.968412	6.990951	5.49779	2.587542	2.834344	5.253597	1.938565	7.313841	1.572084	3.854118	90	True	True
32.23077	30.84918	11.67208	5.962297	1.784216	7.140068	5.475824	2.459571	3.011615	5.180282	1.997045	7.35541	1.529436	3.642068	90	True	True
32.23077	30.84918	11.67208	5.962297	1.784216	7.140068	5.475824	2.459571	3.011615	5.180282	1.997045	7.35541	1.529436	3.642068	90	True	True
32.23077	30.84918	11.67208	5.962297	1.784216	7.140068	5.475824	2.459571	3.011615	5.180282	1.997045	7.35541	1.529436	3.642068	90	True	True
32.23077	30.84918	11.67208	5.962297	1.784216	7.140068	5.475824	2.459571	3.011615	5.180282	1.997045	7.35541	1.529436	3.642068	90	True	True
31.38264	32.51089	11.76012	6.185986	2.219558	6.934288	5.53272	2.993159	2.858413	5.109179	1.964028	7.19934	1.579297	3.831497	90	True	True
31.38264	32.51089	11.76012	6.185986	2.219558	6.934288	5.53272	2.993159	2.858413	5.109179	1.964028	7.19934	1.579297	3.831497	90	True	True
31.38264	32.51089	11.76012	6.185986	2.219558	6.934288	5.53272	2.993159	2.858413	5.109179	1.964028	7.19934	1.579297	3.831497	90	True	True
31.38264	32.51089	11.76012	6.185986	2.219558	6.934288	5.53272	2.993159	2.858413	5.109179	1.964028	7.19934	1.579297	3.831497	90	True	True
31.38264	32.51089	11.76012	6.185986	2.219558	6.934288	5.53272	2.993159	2.858413	5.109179	1.964028	7.19934	1.579297	3.831497	90	True	True
31.26961	32.42165	11.42817	6.161985	1.931885	6.922772	5.636661	2.797434	3.143355	5.285344	1.998602	7.84635	1.497102	3.855799	90	True	True
31.26961	32.42165	11.42817	6.161985	1.931885	6.922772	5.636661	2.797434	3.143355	5.285344	1.998602	7.84635	1.497102	3.855799	90	True	True
31.26961	32.42165	11.42817	6.161985	1.931885	6.922772	5.636661	2.797434	3.143355	5.285344	1.998602	7.84635	1.497102	3.855799	90	True	True
31.26961	32.42165	11.42817	6.161985	1.931885	6.922772	5.636661	2.797434	3.143355	5.285344	1.998602	7.84635	1.497102	3.855799	90	True	True
31.26961	32.42165	11.42817	6.161985	1.931885	6.922772	5.636661	2.797434	3.143355	5.285344	1.998602	7.84635	1.497102	3.855799	90	True	True
30.27597	34.01464	11.4088	6.176314	2.00964	6.924835	5.565559	2.782981	3.155171	5.090424	2.015186	7.79037	1.669523	3.892641	90	True	True
30.27597	34.01464	11.4088	6.176314	2.00964	6.924835	5.565559	2.782981	3.155171	5.090424	2.015186	7.79037	1.669523	3.892641	90	True	True
30.27597	34.01464	11.4088	6.176314	2.00964	6.924835	5.565559	2.782981	3.155171	5.090424	2.015186	7.79037	1.669523	3.892641	90	True	True
30.27597	34.01464	11.4088	6.176314	2.00964	6.924835	5.565559	2.782981	3.155171	5.090424	2.015186	7.79037	1.669523	3.892641	90	True	True
30.55079	34.30238	11.39926	6.286335	1.857408	6.96221	5.70148	2.825833	3.067649	5.255236	1.98139	7.58948	1.417066	3.763591	90	True	True
30.55079	34.30238	11.39926	6.286335	1.857408	6.96221	5.70148	2.825833	3.067649	5.255236	1.98139	7.58948	1.417066	3.763591	90	True	True
30.55079	34.30238	11.39926	6.286335	1.857408	6.96221	5.70148	2.825833	3.067649	5.255236	1.98139	7.58948	1.417066	3.763591	90	True	True
30.55079	34.30238	11.39926	6.286335	1.857408	6.96221	5.70148	2.825833	3.067649	5.255236	1.98139	7.58948	1.417066	3.763591	90	True	True
30.55079	34.30238	11.39926	6.286335	1.857408	6.96221	5.70148	2.825833	3.067649	5.255236	1.98139	7.58948	1.417066	3.763591	90	True	True
30.37581	33.12609	11.51489	6.198021	1.962033	6.81644	5.704649	2.689189	2.913356	5.267968	1.948728	7.515961	1.52598	3.883884	90	True	True
30.37581	33.12609	11.51489	6.198021	1.962033	6.81644	5.704649	2.689189	2.913356	5.267968	1.948728	7.515961	1.52598	3.883884	90	True	True
30.37581	33.12609	11.51489	6.198021	1.962033	6.81644	5.704649	2.689189	2.913356	5.267968	1.948728	7.515961	1.52598	3.883884	90	True	True
30.37581	33.12609	11.51489	6.198021	1.962033	6.81644	5.704649	2.689189	2.913356	5.267968	1.948728	7.515961	1.52598	3.883884	90	True	True
30.37581	33.12609	11.51489	6.198021	1.962033	6.81644	5.704649	2.689189	2.913356	5.267968	1.948728	7.515961	1.52598	3.883884	90	True	True
30.05008	31.3853	11.28228	6.376616	2.044979	6.708263	5.864202	2.778268	2.751357	5.422562	2.057656	7.266222	1.503891	4.033998	90	True	True
30.05008	31.3853	11.28228	6.376616	2.044979	6.708263	5.864202	2.778268	2.751357	5.422562	2.057656	7.266222	1.503891	4.033998	90	True	True
30.05008	31.3853	11.28228	6.376616	2.044979	6.708263	5.864202	2.778268	2.751357	5.422562	2.057656	7.266222	1.503891	4.033998	90	True	True
30.05008	31.3853	11.28228	6.376616	2.044979	6.708263	5.864202	2.778268	2.751357	5.422562	2.057656	7.266222	1.503891	4.033998	90	True	True
30.80777	31.01101	11.45213	6.446831	1.866861	6.779489	5.921822	2.723681	2.961344	5.439774	1.973084	7.416636	1.46847	3.916013	90	True	True
30.80777	31.01101	11.45213	6.446831	1.866861	6.779489	5.921822	2.723681	2.961344	5.439774	1.973084	7.416636	1.46847	3.916013	90	True	True
30.80777	31.01101	11.45213	6.446831	1.866861	6.779489	5.921822	2.723681	2.961344	5.439774	1.973084	7.416636	1.46847	3.916013	90	True	True
30.80777	31.01101	11.45213	6.446831	1.866861	6.779489	5.921822	2.723681	2.961344	5.439774	1.973084	7.416636	1.46847	3.916013	90	True	True
30.80777	31.01101	11.45213	6.446831	1.866861	6.779489	5.921822	2.723681	2.961344	5.439774	1.973084	7.416636	1.46847	3.916013	90	True	True
29.28463	32.76766	11.31191	6.256802	1.905356	6.601057	5.753635	2.624876	2.798622	5.223927	2.007112	7.313104	1.712458	4.101494	90	True	True
29.28463	32.76766	11.31191	6.256802	1.905356	6.601057	5.753635	2.624876	2.798622	5.223927	2.007112	7.313104	1.712458	4.101494	90	True	True
29.28463	32.76766	11.31191	6.256802	1.905356	6.601057	5.753635	2.624876	2.798622	5.223927	2.007112	7.313104	1.712458	4.101494	90	True	True
29.28463	32.76766	11.31191	6.256802	1.905356	6.601057	5.753635	2.624876	2.798622	5.223927	2.007112	7.313104	1.712458	4.101494	90	True	True
30.13151	31.02763	11.25333	6.469507	1.940873	6.485435	5.975001	2.788527	2.465855	5.453981	2.09947	6.799364	1.473661	3.927693	90	True	True
30.13151	31.02763	11.25333	6.469507	1.940873	6.485435	5.975001	2.788527	2.465855	5.453981	2.09947	6.799364	1.473661	3.927693	90	True	True
30.13151	31.02763	11.25333	6.469507	1.940873	6.485435	5.975001	2.788527	2.465855	5.453981	2.09947	6.799364	1.473661	3.927693	90	True	True
30.13151	31.02763	11.25333	6.469507	1.940873	6.485435	5.975001	2.788527	2.465855	5.453981	2.09947	6.799364	1.473661	3.927693	90	True	True
30.13151	31.02763	11.25333	6.469507	1.940873	6.485435	5.975001	2.788527	2.465855	5.453981	2.09947	6.799364	1.473661	3.927693	90	True	True
30.2718	31.21446	11.46362	6.461379	1.861192	6.763984	5.927382	2.559483	2.665939	5.425349	2.03864	7.009557	1.497498	3.769206	90	True	True
30.2718	31.21446	11.46362	6.461379	1.861192	6.763984	5.927382	2.559483	2.665939	5.425349	2.03864	7.009557	1.497498	3.769206	90	True	True
30.2718	31.21446	11.46362	6.461379	1.861192	6.763984	5.927382	2.559483	2.665939	5.425349	2.03864	7.009557	1.497498	3.769206	90	True	True
30.2718	31.21446	11.46362	6.461379	1.861192	6.763984	5.927382	2.559483	2.665939	5.425349	2.03864	7.009557	1.497498	3.769206	90	True	True
31.17979	28.77095	11.06256	6.440247	2.009926	6.369131	5.963322	2.840068	2.290975	5.411675	1.96523	6.815374	1.570226	3.944413	90	True	True
31.17979	28.77095	11.06256	6.440247	2.009926	6.369131	5.963322	2.840068	2.290975	5.411675	1.96523	6.815374	1.570226	3.944413	90	True	True
31.17979	28.77095	11.06256	6.440247	2.009926	6.369131	5.963322	2.840068	2.290975	5.411675	1.96523	6.815374	1.570226	3.944413	90	True	True
31.17979	28.77095	11.06256	6.440247	2.009926	6.369131	5.963322	2.840068	2.290975	5.411675	1.96523	6.815374	1.570226	3.944413	90	True	True
31.17979	28.77095	11.06256	6.440247	2.009926	6.369131	5.963322	2.840068	2.290975	5.411675	1.96523	6.815374	1.570226	3.944413	90	True	True
31.12758	28.78083	11.30225	6.592492	1.873254	6.739914	5.911057	2.425024	2.594795	5.220525	1.876382	6.984203	1.723168	3.783453	90	True	True
31.12758	28.78083	11.30225	6.592492	1.873254	6.739914	5.911057	2.425024	2.594795	5.220525	1.876382	6.984203	1.723168	3.783453	90	True	True
31.12758	28.78083	11.30225	6.592492	1.873254	6.739914	5.911057	2.425024	2.594795	5.220525	1.876382	6.984203	1.723168	3.783453	90	True	True
31.12758	28.78083	11.30225	6.592492	1.873254	6.739914	5.911057	2.425024	2.594795	5.220525	1.876382	6.984203	1.723168	3.783453	90	True	True
31.12758	28.78083	11.30225	6.592492	1.873254	6.739914	5.911057	2.425024	2.594795	5.220525	1.876382	6.984203	1.723168	3.783453	90	True	True
29.94514	29.96202	11.29637	6.552658	1.812288	6.730147	5.883832	2.435898	2.609699	5.257586	1.914987	6.791646	1.644607	3.787497	90	True	True
29.94514	29.96202	11.29637	6.552658	1.812288	6.730147	5.883832	2.435898	2.609699	5.257586	1.914987	6.791646	1.644607	3.787497	90	True	True
29.94514	29.96202	11.29637	6.552658	1.812288	6.730147	5.883832	2.435898	2.609699	5.257586	1.914987	6.791646	1.644607	3.787497	90	True	True
29.94514	29.96202	11.29637	6.552658	1.812288	6.730147	5.883832	2.435898	2.609699	5.257586	1.914987	6.791646	1.644607	3.787497	90	True	True
30.09273	29.7063	11.318	6.631082	1.837915	6.741649	5.960945	2.545755	2.611789	5.239595	1.862558	6.837736	1.706283	3.776309	90	True	True
30.09273	29.7063	11.318	6.631082	1.837915	6.741649	5.960945	2.545755	2.611789	5.239595	1.862558	6.837736	1.706283	3.776309	90	True	True
30.09273	29.7063	11.318	6.631082	1.837915	6.741649	5.960945	2.545755	2.611789	5.239595	1.862558	6.837736	1.706283	3.776309	90	True	True
30.09273	29.7063	11.318	6.631082	1.837915	6.741649	5.960945	2.545755	2.611789	5.239595	1.862558	6.837736	1.706283	3.776309	90	True	True
30.09273	29.7063	11.318	6.631082	1.837915	6.741649	5.960945	2.545755	2.611789	5.239595	1.862558	6.837736	1.706283	3.776309	90	True	True
30.19166	29.6433	11.4028	6.513002	1.856875	6.851082	5.861101	2.503421	2.629643	5.219992	1.950039	6.763465	1.635905	3.767949	90	True	True
30.19166	29.6433	11.4028	6.513002	1.856875	6.851082	5.861101	2.503421	2.629643	5.219992	1.950039	6.763465	1.635905	3.767949	90	True	True
30.19166	29.6433	11.4028	6.513002	1.856875	6.851082	5.861101	2.503421	2.629643	5.219992	1.950039	6.763465	1.635905	3.767949	90	True	True
30.19166	29.6433	11.4028	6.513002	1.856875	6.851082	5.861101	2.503421	2.629643	5.219992	1.950039	6.763465	1.635905	3.767949	90	True	True
30.19166	29.6433	11.4028	6.513002	1.856875	6.851082	5.861101	2.503421	2.629643	5.219992	1.950039	6.763465	1.635905	3.767949	90	True	True
30.35176	29.74866	11.40074	6.385919	1.869907	6.80864	5.77821	2.449285	2.614562	5.16699	1.999872	6.801987	1.729629	3.820541	90	True	True
30.35176	29.74866	11.40074	6.385919	1.869907	6.80864	5.77821	2.449285	2.614562	5.16699	1.999872	6.801987	1.729629	3.820541	90	True	True
30.35176	29.74866	11.40074	6.385919	1.869907	6.80864	5.77821	2.449285	2.614562	5.16699	1.999872	6.801987	1.729629	3.820541	90	True	True
30.35176	29.74866	11.40074	6.385919	1.869907	6.80864	5.77821	2.449285	2.614562	5.16699	1.999872	6.801987	1.729629	3.820541	90	True	True
30.2497	29.35445	11.36345	6.424032	1.893922	6.822997	5.842605	2.491823	2.516057	5.242805	1.912746	6.7939	1.702144	3.863462	90	True	True
30.2497	29.35445	11.36345	6.424032	1.893922	6.822997	5.842605	2.491823	2.516057	5.242805	1.912746	6.7939	1.702144	3.863462	90	True	True
30.2497	29.35445	11.36345	6.424032	1.893922	6.822997	5.842605	2.491823	2.516057	5.242805	1.912746	6.7939	1.702144	3.863462	90	True	True
30.2497	29.35445	11.36345	6.424032	1.893922	6.822997	5.842605	2.491823	2.516057	5.242805	1.912746	6.7939	1.702144	3.863462	90	True	True
29.80911	29.77839	11.35126	6.458866	1.901559	6.981061	5.798154	2.446567	2.597814	5.176908	1.89548	7.063583	1.798628	3.878325	90	True	True
29.80911	29.77839	11.35126	6.458866	1.901559	6.981061	5.798154	2.446567	2.597814	5.176908	1.89548	7.063583	1.798628	3.878325	90	True	True
29.80911	29.77839	11.35126	6.458866	1.901559	6.981061	5.798154	2.446567	2.597814	5.176908	1.89548	7.063583	1.798628	3.878325	90	True	True
29.80911	29.77839	11.35126	6.458866	1.901559	6.981061	5.798154	2.446567	2.597814	5.176908	1.89548	7.063583	1.798628	3.878325	90	True	True
29.80911	29.77839	11.35126	6.458866	1.901559	6.981061	5.798154	2.446567	2.597814	5.176908	1.89548	7.063583	1.798628	3.878325	90	True	True
29.93357	29.96795	11.46075	6.435042	1.916325	7.081383	5.816828	2.592241	2.775509	5.168042	1.937444	7.105165	1.758466	3.834762	90	True	True
29.93357	29.96795	11.46075	6.435042	1.916325	7.081383	5.816828	2.592241	2.775509	5.168042	1.937444	7.105165	1.758466	3.834762	90	True	True
29.93357	29.96795	11.46075	6.435042	1.916325	7.081383	5.816828	2.592241	2.775509	5.168042	1.937444	7.105165	1.758466	3.834762	90	True	True
29.93357	29.96795	11.46075	6.435042	1.916325	7.081383	5.816828	2.592241	2.775509	5.168042	1.937444	7.105165	1.758466	3.834762	90	True	True
29.98665	29.76073	11.51315	6.355661	1.90731	7.158673	5.766804	2.600082	2.895023	5.132552	1.945518	7.394124	1.790787	3.924456	90	True	True
29.98665	29.76073	11.51315	6.355661	1.90731	7.158673	5.766804	2.600082	2.895023	5.132552	1.945518	7.394124	1.790787	3.924456	90	True	True
29.98665	29.76073	11.51315	6.355661	1.90731	7.158673	5.766804	2.600082	2.895023	5.132552	1.945518	7.394124	1.790787	3.924456	90	True	True
29.98665	29.76073	11.51315	6.355661	1.90731	7.158673	5.766804	2.600082	2.895023	5.132552	1.945518	7.394124	1.790787	3.924456	90	True	True
29.98665	29.76073	11.51315	6.355661	1.90731	7.158673	5.766804	2.600082	2.895023	5.132552	1.945518	7.394124	1.790787	3.924456	90	True	True
29.5085	29.6461	11.49681	6.300979	1.849485	7.15366	5.756695	2.447851	2.956782	5.12564	2.021387	7.554291	1.807097	4.004383	90	True	True
29.5085	29.6461	11.49681	6.300979	1.849485	7.15366	5.756695	2.447851	2.956782	5.12564	2.021387	7.554291	1.807097	4.004383	90	True	True
29.5085	29.6461	11.49681	6.300979	1.849485	7.15366	5.756695	2.447851	2.956782	5.12564	2.021387	7.554291	1.807097	4.004383	90	True	True
29.5085	29.6461	11.49681	6.300979	1.849485	7.15366	5.756695	2.447851	2.956782	5.12564	2.021387	7.554291	1.807097	4.004383	90	True	True
29.5085	29.6461	11.49681	6.300979	1.849485	7.15366	5.756695	2.447851	2.956782	5.12564	2.021387	7.554291	1.807097	4.004383	90	True	True
29.72886	31.02592	11.54524	6.21347	1.838133	7.193958	5.75425	2.527463	2.956973	5.23592	2.054528	7.414792	1.653035	4.103502	90	True	True
29.72886	31.02592	11.54524	6.21347	1.838133	7.193958	5.75425	2.527463	2.956973	5.23592	2.054528	7.414792	1.653035	4.103502	90	True	True
29.72886	31.02592	11.54524	6.21347	1.838133	7.193958	5.75425	2.527463	2.956973	5.23592	2.054528	7.414792	1.653035	4.103502	90	True	True
29.72886	31.02592	11.54524	6.21347	1.838133	7.193958	5.75425	2.527463	2.956973	5.23592	2.054528	7.414792	1.653035	4.103502	90	True	True
29.04705	29.0916	11.10088	6.339884	1.929344	6.778382	5.883463	2.63493	2.608948	5.216386	2.060033	7.101273	1.658595	3.938895	90	True	True
29.04705	29.0916	11.10088	6.339884	1.929344	6.778382	5.883463	2.63493	2.608948	5.216386	2.060033	7.101273	1.658595	3.938895	90	True	True
29.04705	29.0916	11.10088	6.339884	1.929344	6.778382	5.883463	2.63493	2.608948	5.216386	2.060033	7.101273	1.658595	3.938895	90	True	True
29.04705	29.0916	11.10088	6.339884	1.929344	6.778382	5.883463	2.63493	2.608948	5.216386	2.060033	7.101273	1.658595	3.938895	90	True	True
29.04705	29.0916	11.10088	6.339884	1.929344	6.778382	5.883463	2.63493	2.608948	5.216386	2.060033	7.101273	1.658595	3.938895	90	True	True
29.44176	28.04982	10.92823	6.239043	1.879511	6.744504	5.832838	2.624206	2.4886	5.238284	2.027575	6.91071	1.6666	3.762963	90	True	True
29.44176	28.04982	10.92823	6.239043	1.879511	6.744504	5.832838	2.624206	2.4886	5.238284	2.027575	6.91071	1.6666	3.762963	90	True	True
29.44176	28.04982	10.92823	6.239043	1.879511	6.744504	5.832838	2.624206	2.4886	5.238284	2.027575	6.91071	1.6666	3.762963	90	True	True
29.44176	28.04982	10.92823	6.239043	1.879511	6.744504	5.832838	2.624206	2.4886	5.238284	2.027575	6.91071	1.6666	3.762963	90	True	True
29.46117	30.52993	10.95135	6.224126	1.831522	6.879714	5.908858	2.514814	2.557653	5.42386	2.082149	7.097939	1.588681	3.823765	90	True	True
29.46117	30.52993	10.95135	6.224126	1.831522	6.879714	5.908858	2.514814	2.557653	5.42386	2.082149	7.097939	1.588681	3.823765	90	True	True
29.46117	30.52993	10.95135	6.224126	1.831522	6.879714	5.908858	2.514814	2.557653	5.42386	2.082149	7.097939	1.588681	3.823765	90	True	True
29.46117	30.52993	10.95135	6.224126	1.831522	6.879714	5.908858	2.514814	2.557653	5.42386	2.082149	7.097939	1.588681	3.823765	90	True	True
29.6456	29.69537	10.90824	6.37704	1.901039	6.881764	5.933856	2.665788	2.588457	5.430007	1.92336	7.123812	1.580157	3.683596	90	True	True
29.6456	29.69537	10.90824	6.37704	1.901039	6.881764	5.933856	2.665788	2.588457	5.430007	1.92336	7.123812	1.580157	3.683596	90	True	True
29.6456	29.69537	10.90824	6.37704	1.901039	6.881764	5.933856	2.665788	2.588457	5.430007	1.92336	7.123812	1.580157	3.683596	90	True	True
29.6456	29.69537	10.90824	6.37704	1.901039	6.881764	5.933856	2.665788	2.588457	5.430007	1.92336	7.123812	1.580157	3.683596	90	True	True
29.6456	29.69537	10.90824	6.37704	1.901039	6.881764	5.933856	2.665788	2.588457	5.430007	1.92336	7.123812	1.580157	3.683596	90	True	True
29.0383	30.51557	11.17625	6.308287	1.758029	7.031427	5.909527	2.386625	2.66124	5.399203	2.074048	7.223792	1.57483	3.90279	90	True	True
29.0383	30.51557	11.17625	6.308287	1.758029	7.031427	5.909527	2.386625	2.66124	5.399203	2.074048	7.223792	1.57483	3.90279	90	True	True
29.0383	30.51557	11.17625	6.308287	1.758029	7.031427	5.909527	2.386625	2.66124	5.399203	2.074048	7.223792	1.57483	3.90279	90	True	True
29.0383	30.51557	11.17625	6.308287	1.758029	7.031427	5.909527	2.386625	2.66124	5.399203	2.074048	7.223792	1.57483	3.90279	90	True	True
29.0383	30.51557	11.17625	6.308287	1.758029	7.031427	5.909527	2.386625	2.66124	5.399203	2.074048	7.223792	1.57483	3.90279	90	True	True
29.03321	31.82376	11.01116	6.346687	1.868746	6.911707	5.910593	2.680883	2.593976	5.455524	1.916121	7.203042	1.602424	3.795187	90	True	True
29.03321	31.82376	11.01116	6.346687	1.868746	6.911707	5.910593	2.680883	2.593976	5.455524	1.916121	7.203042	1.602424	3.795187	90	True	True
29.03321	31.82376	11.01116	6.346687	1.868746	6.911707	5.910593	2.680883	2.593976	5.455524	1.916121	7.203042	1.602424	3.795187	90	True	True
29.03321	31.82376	11.01116	6.346687	1.868746	6.911707	5.910593	2.680883	2.593976	5.455524	1.916121	7.203042	1.602424	3.795187	90	True	True
29.03872	29.49167	11.10636	6.081539	1.853829	6.838105	5.793223	2.439914	2.303583	5.33377	2.080264	6.747386	1.670821	3.892094	90	True	True
29.03872	29.49167	11.10636	6.081539	1.853829	6.838105	5.793223	2.439914	2.303583	5.33377	2.080264	6.747386	1.670821	3.892094	90	True	True
29.03872	29.49167	11.10636	6.081539	1.853829	6.838105	5.793223	2.439914	2.303583	5.33377	2.080264	6.747386	1.670821	3.892094	90	True	True
29.03872	29.49167	11.10636	6.081539	1.853829	6.838105	5.793223	2.439914	2.303583	5.33377	2.080264	6.747386	1.670821	3.892094	90	True	True
29.03872	29.49167	11.10636	6.081539	1.853829	6.838105	5.793223	2.439914	2.303583	5.33377	2.080264	6.747386	1.670821	3.892094	90	True	True
28.51091	30.08885	11.08143	5.906344	1.934316	6.789051	5.696494	2.518161	2.400449	5.237164	2.000268	7.032902	1.700191	4.005558	90	True	True
28.51091	30.08885	11.08143	5.906344	1.934316	6.789051	5.696494	2.518161	2.400449	5.237164	2.000268	7.032902	1.700191	4.005558	90	True	True
28.51091	30.08885	11.08143	5.906344	1.934316	6.789051	5.696494	2.518161	2.400449	5.237164	2.000268	7.032902	1.700191	4.005558	90	True	True
28.51091	30.08885	11.08143	5.906344	1.934316	6.789051	5.696494	2.518161	2.400449	5.237164	2.000268	7.032902	1.700191	4.005558	90	True	True
29.65658	30.40418	10.98466	6.303629	1.815526	6.843815	5.841731	2.521958	2.466169	5.352211	1.930764	7.053488	1.696503	3.753428	90	True	True
29.65658	30.40418	10.98466	6.303629	1.815526	6.843815	5.841731	2.521958	2.466169	5.352211	1.930764	7.053488	1.696503	3.753428	90	True	True
29.65658	30.40418	10.98466	6.303629	1.815526	6.843815	5.841731	2.521958	2.466169	5.352211	1.930764	7.053488	1.696503	3.753428	90	True	True
29.65658	30.40418	10.98466	6.303629	1.815526	6.843815	5.841731	2.521958	2.466169	5.352211	1.930764	7.053488	1.696503	3.753428	90	True	True
29.65658	30.40418	10.98466	6.303629	1.815526	6.843815	5.841731	2.521958	2.466169	5.352211	1.930764	7.053488	1.696503	3.753428	90	True	True
28.98301	30.17252	10.96481	6.155838	1.991348	6.761867	5.889023	2.723326	2.471087	5.336707	2.02845	7.179656	1.695806	3.892791	90	True	True
28.98301	30.17252	10.96481	6.155838	1.991348	6.761867	5.889023	2.723326	2.471087	5.336707	2.02845	7.179656	1.695806	3.892791	90	True	True
28.98301	30.17252	10.96481	6.155838	1.991348	6.761867	5.889023	2.723326	2.471087	5.336707	2.02845	7.179656	1.695806	3.892791	90	True	True
28.98301	30.17252	10.96481	6.155838	1.991348	6.761867	5.889023	2.723326	2.471087	5.336707	2.02845	7.179656	1.695806	3.892791	90	True	True
29.5713	30.40241	11.09729	6.319721	1.845141	6.784024	5.96604	2.529171	2.396365	5.427835	2.000952	7.040129	1.650194	3.893201	90	True	True
29.5713	30.40241	11.09729	6.319721	1.845141	6.784024	5.96604	2.529171	2.396365	5.427835	2.000952	7.040129	1.650194	3.893201	90	True	True
29.5713	30.40241	11.09729	6.319721	1.845141	6.784024	5.96604	2.529171	2.396365	5.427835	2.000952	7.040129	1.650194	3.893201	90	True	True
29.5713	30.40241	11.09729	6.319721	1.845141	6.784024	5.96604	2.529171	2.396365	5.427835	2.000952	7.040129	1.650194	3.893201	90	True	True
29.5713	30.40241	11.09729	6.319721	1.845141	6.784024	5.96604	2.529171	2.396365	5.427835	2.000952	7.040129	1.650194	3.893201	90	True	True
29.84911	30.53849	11.03313	6.480586	1.862353	6.7883	5.97537	2.643973	2.521494	5.466835	1.951842	7.275538	1.596427	3.757963	90	True	True
29.84911	30.53849	11.03313	6.480586	1.862353	6.7883	5.97537	2.643973	2.521494	5.466835	1.951842	7.275538	1.596427	3.757963	90	True	True
29.84911	30.53849	11.03313	6.480586	1.862353	6.7883	5.97537	2.643973	2.521494	5.466835	1.951842	7.275538	1.596427	3.757963	90	True	True
29.84911	30.53849	11.03313	6.480586	1.862353	6.7883	5.97537	2.643973	2.521494	5.466835	1.951842	7.275538	1.596427	3.757963	90	True	True
29.84911	30.53849	11.03313	6.480586	1.862353	6.7883	5.97537	2.643973	2.521494	5.466835	1.951842	7.275538	1.596427	3.757963	90	True	True
29.27712	31.28379	11.00835	6.261965	1.890097	6.845646	5.790655	2.572228	2.542217	5.281013	1.942799	7.179601	1.739792	3.765039	90	True	True
29.27712	31.28379	11.00835	6.261965	1.890097	6.845646	5.790655	2.572228	2.542217	5.281013	1.942799	7.179601	1.739792	3.765039	90	True	True
29.27712	31.28379	11.00835	6.261965	1.890097	6.845646	5.790655	2.572228	2.542217	5.281013	1.942799	7.179601	1.739792	3.765039	90	True	True
29.27712	31.28379	11.00835	6.261965	1.890097	6.845646	5.790655	2.572228	2.542217	5.281013	1.942799	7.179601	1.739792	3.765039	90	True	True
29.40082	32.35061	11.01322	6.308724	1.927732	6.852517	5.852359	2.666307	2.544143	5.264293	1.922746	7.250662	1.804283	3.768837	90	True	True
29.40082	32.35061	11.01322	6.308724	1.927732	6.852517	5.852359	2.666307	2.544143	5.264293	1.922746	7.250662	1.804283	3.768837	90	True	True
29.40082	32.35061	11.01322	6.308724	1.927732	6.852517	5.852359	2.666307	2.544143	5.264293	1.922746	7.250662	1.804283	3.768837	90	True	True
29.40082	32.35061	11.01322	6.308724	1.927732	6.852517	5.852359	2.666307	2.544143	5.264293	1.922746	7.250662	1.804283	3.768837	90	True	True
29.40082	32.35061	11.01322	6.308724	1.927732	6.852517	5.852359	2.666307	2.544143	5.264293	1.922746	7.250662	1.804283	3.768837	90	True	True
29.22752	30.625	11.08008	6.432966	1.819405	7.000254	5.973362	2.59623	2.719733	5.442397	1.852026	7.523679	1.615073	3.760039	90	True	True
29.22752	30.625	11.08008	6.432966	1.819405	7.000254	5.973362	2.59623	2.719733	5.442397	1.852026	7.523679	1.615073	3.760039	90	True	True
29.22752	30.625	11.08008	6.432966	1.819405	7.000254	5.973362	2.59623	2.719733	5.442397	1.852026	7.523679	1.615073	3.760039	90	True	True
29.22752	30.625	11.08008	6.432966	1.819405	7.000254	5.973362	2.59623	2.719733	5.442397	1.852026	7.523679	1.615073	3.760039	90	True	True
28.80563	31.54819	10.95608	6.509273	1.905261	6.86156	5.979304	2.63381	2.665502	5.372893	1.836426	7.471209	1.701571	3.660674	90	True	True
28.80563	31.54819	10.95608	6.509273	1.905261	6.86156	5.979304	2.63381	2.665502	5.372893	1.836426	7.471209	1.701571	3.660674	90	True	True
28.80563	31.54819	10.95608	6.509273	1.905261	6.86156	5.979304	2.63381	2.665502	5.372893	1.836426	7.471209	1.701571	3.660674	90	True	True
28.80563	31.54819	10.95608	6.509273	1.905261	6.86156	5.979304	2.63381	2.665502	5.372893	1.836426	7.471209	1.701571	3.660674	90	True	True
28.19395	31.09895	11.06352	6.377504	1.918265	6.970092	5.909691	2.54652	2.745169	5.27503	1.883459	7.470417	1.722375	3.833737	90	True	True
28.19395	31.09895	11.06352	6.377504	1.918265	6.970092	5.909691	2.54652	2.745169	5.27503	1.883459	7.470417	1.722375	3.833737	90	True	True
28.19395	31.09895	11.06352	6.377504	1.918265	6.970092	5.909691	2.54652	2.745169	5.27503	1.883459	7.470417	1.722375	3.833737	90	True	True
28.19395	31.09895	11.06352	6.377504	1.918265	6.970092	5.909691	2.54652	2.745169	5.27503	1.883459	7.470417	1.722375	3.833737	90	True	True
28.19395	31.09895	11.06352	6.377504	1.918265	6.970092	5.909691	2.54652	2.745169	5.27503	1.883459	7.470417	1.722375	3.833737	90	True	True
28.57737	32.08873	10.93981	6.436326	1.828093	6.979066	5.908366	2.527163	2.490963	5.372278	1.833762	7.245813	1.682023	3.665373	90	True	True
28.57737	32.08873	10.93981	6.436326	1.828093	6.979066	5.908366	2.527163	2.490963	5.372278	1.833762	7.245813	1.682023	3.665373	90	True	True
28.57737	32.08873	10.93981	6.436326	1.828093	6.979066	5.908366	2.527163	2.490963	5.372278	1.833762	7.245813	1.682023	3.665373	90	True	True
28.57737	32.08873	10.93981	6.436326	1.828093	6.979066	5.908366	2.527163	2.490963	5.372278	1.833762	7.245813	1.682023	3.665373	90	True	True
27.79426	33.56472	11.1575	6.451544	1.807316	7.132978	5.881728	2.588375	2.727848	5.264703	1.775528	7.500593	1.835688	3.616769	90	True	True
27.79426	33.56472	11.1575	6.451544	1.807316	7.132978	5.881728	2.588375	2.727848	5.264703	1.775528	7.500593	1.835688	3.616769	90	True	True
27.79426	33.56472	11.1575	6.451544	1.807316	7.132978	5.881728	2.588375	2.727848	5.264703	1.775528	7.500593	1.835688	3.616769	90	True	True
27.79426	33.56472	11.1575	6.451544	1.807316	7.132978	5.881728	2.588375	2.727848	5.264703	1.775528	7.500593	1.835688	3.616769	90	True	True
27.79426	33.56472	11.1575	6.451544	1.807316	7.132978	5.881728	2.588375	2.727848	5.264703	1.775528	7.500593	1.835688	3.616769	90	True	True
28.03777	33.82381	11.278	6.272729	1.727703	7.290946	5.698556	2.301125	2.894682	5.134915	1.847368	7.559537	1.806769	3.684402	90	True	True
28.03777	33.82381	11.278	6.272729	1.727703	7.290946	5.698556	2.301125	2.894682	5.134915	1.847368	7.559537	1.806769	3.684402	90	True	True
28.03777	33.82381	11.278	6.272729	1.727703	7.290946	5.698556	2.301125	2.894682	5.134915	1.847368	7.559537	1.806769	3.684402	90	True	True
28.03777	33.82381	11.278	6.272729	1.727703	7.290946	5.698556	2.301125	2.894682	5.134915	1.847368	7.559537	1.806769	3.684402	90	True	True
27.92657	34.19512	11.1196	6.20358	1.704904	7.050401	5.723309	2.410216	2.756971	5.291163	1.860878	7.617853	1.779708	3.836141	90	True	True
27.92657	34.19512	11.1196	6.20358	1.704904	7.050401	5.723309	2.410216	2.756971	5.291163	1.860878	7.617853	1.779708	3.836141	90	True	True
27.92657	34.19512	11.1196	6.20358	1.704904	7.050401	5.723309	2.410216	2.756971	5.291163	1.860878	7.617853	1.779708	3.836141	90	True	True
27.92657	34.19512	11.1196	6.20358	1.704904	7.050401	5.723309	2.410216	2.756971	5.291163	1.860878	7.617853	1.779708	3.836141	90	True	True
27.92657	34.19512	11.1196	6.20358	1.704904	7.050401	5.723309	2.410216	2.756971	5.291163	1.860878	7.617853	1.779708	3.836141	90	True	True
28.228	33.047	11.20249	6.151985	1.691189	7.105507	5.695565	2.313419	2.778828	5.274702	1.876492	7.725497	1.87753	3.940589	90	True	True
28.228	33.047	11.20249	6.151985	1.691189	7.105507	5.695565	2.313419	2.778828	5.274702	1.876492	7.725497	1.87753	3.940589	90	True	True
28.228	33.047	11.20249	6.151985	1.691189	7.105507	5.695565	2.313419	2.778828	5.274702	1.876492	7.725497	1.87753	3.940589	90	True	True
28.228	33.047	11.20249	6.151985	1.691189	7.105507	5.695565	2.313419	2.778828	5.274702	1.876492	7.725497	1.87753	3.940589	90	True	True
28.57363	32.45156	11.3068	6.053235	1.673512	7.236223	5.633041	2.28267	2.791341	5.270208	1.965434	7.710211	1.714288	3.992963	90	True	True
28.57363	32.45156	11.3068	6.053235	1.673512	7.236223	5.633041	2.28267	2.791341	5.270208	1.965434	7.710211	1.714288	3.992963	90	True	True
28.57363	32.45156	11.3068	6.053235	1.673512	7.236223	5.633041	2.28267	2.791341	5.270208	1.965434	7.710211	1.714288	3.992963	90	True	True
28.57363	32.45156	11.3068	6.053235	1.673512	7.236223	5.633041	2.28267	2.791341	5.270208	1.965434	7.710211	1.714288	3.992963	90	True	True
28.57363	32.45156	11.3068	6.053235	1.673512	7.236223	5.633041	2.28267	2.791341	5.270208	1.965434	7.710211	1.714288	3.992963	90	True	True
28.04513	31.7082	11.29715	6.059573	1.767236	7.114578	5.658491	2.368525	2.730143	5.18244	1.971896	7.376925	1.692691	3.980245	90	True	True
28.04513	31.7082	11.29715	6.059573	1.767236	7.114578	5.658491	2.368525	2.730143	5.18244	1.971896	7.376925	1.692691	3.980245	90	True	True
28.04513	31.7082	11.29715	6.059573	1.767236	7.114578	5.658491	2.368525	2.730143	5.18244	1.971896	7.376925	1.692691	3.980245	90	True	True
28.04513	31.7082	11.29715	6.059573	1.767236	7.114578	5.658491	2.368525	2.730143	5.18244	1.971896	7.376925	1.692691	3.980245	90	True	True
28.04513	31.7082	11.29715	6.059573	1.767236	7.114578	5.658491	2.368525	2.730143	5.18244	1.971896	7.376925	1.692691	3.980245	90	True	True
28.32464	30.56745	11.34062	6.17346	1.830128	7.173208	5.719334	2.377104	2.723039	5.223366	2.062409	7.326382	1.6613	3.957049	90	True	True
28.32464	30.56745	11.34062	6.17346	1.830128	7.173208	5.719334	2.377104	2.723039	5.223366	2.062409	7.326382	1.6613	3.957049	90	True	True
28.32464	30.56745	11.34062	6.17346	1.830128	7.173208	5.719334	2.377104	2.723039	5.223366	2.062409	7.326382	1.6613	3.957049	90	True	True
28.32464	30.56745	11.34062	6.17346	1.830128	7.173208	5.719334	2.377104	2.723039	5.223366	2.062409	7.326382	1.6613	3.957049	90	True	True
28.25258	31.60515	11.27067	6.156002	1.78662	7.168645	5.692191	2.389166	2.80302	5.256793	2.04114	7.57287	1.664592	3.905099	90	True	True
28.25258	31.60515	11.27067	6.156002	1.78662	7.168645	5.692191	2.389166	2.80302	5.256793	2.04114	7.57287	1.664592	3.905099	90	True	True
28.25258	31.60515	11.27067	6.156002	1.78662	7.168645	5.692191	2.389166	2.80302	5.256793	2.04114	7.57287	1.664592	3.905099	90	True	True
28.25258	31.60515	11.27067	6.156002	1.78662	7.168645	5.692191	2.389166	2.80302	5.256793	2.04114	7.57287	1.664592	3.905099	90	True	True
28.25258	31.60515	11.27067	6.156002	1.78662	7.168645	5.692191	2.389166	2.80302	5.256793	2.04114	7.57287	1.664592	3.905099	90	True	True
27.77063	31.1677	11.30766	6.042047	1.85678	7.119072	5.653983	2.524608	2.822855	5.202958	2.087121	7.575506	1.713496	4.015325	90	True	True
27.77063	31.1677	11.30766	6.042047	1.85678	7.119072	5.653983	2.524608	2.822855	5.202958	2.087121	7.575506	1.713496	4.015325	90	True	True
27.77063	31.1677	11.30766	6.042047	1.85678	7.119072	5.653983	2.524608	2.822855	5.202958	2.087121	7.575506	1.713496	4.015325	90	True	True
27.77063	31.1677	11.30766	6.042047	1.85678	7.119072	5.653983	2.524608	2.822855	5.202958	2.087121	7.575506	1.713496	4.015325	90	True	True
27.932	31.03992	11.36102	6.105349	1.788601	7.11522	5.676304	2.468628	2.792174	5.276	2.03278	7.561244	1.687364	3.929988	90	True	True
27.932	31.03992	11.36102	6.105349	1.788601	7.11522	5.676304	2.468628	2.792174	5.276	2.03278	7.561244	1.687364	3.929988	90	True	True
27.932	31.03992	11.36102	6.105349	1.788601	7.11522	5.676304	2.468628	2.792174	5.276	2.03278	7.561244	1.687364	3.929988	90	True	True
27.932	31.03992	11.36102	6.105349	1.788601	7.11522	5.676304	2.468628	2.792174	5.276	2.03278	7.561244	1.687364	3.929988	90	True	True
27.932	31.03992	11.36102	6.105349	1.788601	7.11522	5.676304	2.468628	2.792174	5.276	2.03278	7.561244	1.687364	3.929988	90	True	True
27.63502	30.78453	11.20676	6.090882	1.923456	6.991867	5.717244	2.609398	2.7058	5.221536	2.11701	7.458696	1.672693	4.055554	90	True	True
27.63502	30.78453	11.20676	6.090882	1.923456	6.991867	5.717244	2.609398	2.7058	5.221536	2.11701	7.458696	1.672693	4.055554	90	True	True
27.63502	30.78453	11.20676	6.090882	1.923456	6.991867	5.717244	2.609398	2.7058	5.221536	2.11701	7.458696	1.672693	4.055554	90	True	True
27.63502	30.78453	11.20676	6.090882	1.923456	6.991867	5.717244	2.609398	2.7058	5.221536	2.11701	7.458696	1.672693	4.055554	90	True	True
27.74556	32.1305	11.33609	6.226926	1.753234	7.160558	5.712503	2.379726	2.802119	5.250988	2.067819	7.625708	1.696967	3.944413	90	True	True
27.74556	32.1305	11.33609	6.226926	1.753234	7.160558	5.712503	2.379726	2.802119	5.250988	2.067819	7.625708	1.696967	3.944413	90	True	True
27.74556	32.1305	11.33609	6.226926	1.753234	7.160558	5.712503	2.379726	2.802119	5.250988	2.067819	7.625708	1.696967	3.944413	90	True	True
27.74556	32.1305	11.33609	6.226926	1.753234	7.160558	5.712503	2.379726	2.802119	5.250988	2.067819	7.625708	1.696967	3.944413	90	True	True
27.74556	32.1305	11.33609	6.226926	1.753234	7.160558	5.712503	2.379726	2.802119	5.250988	2.067819	7.625708	1.696967	3.944413	90	True	True
27.68861	30.37557	11.1963	6.110703	1.869593	7.005909	5.742146	2.576176	2.686785	5.330204	2.08178	7.537694	1.578176	4.076783	90	True	True
27.68861	30.37557	11.1963	6.110703	1.869593	7.005909	5.742146	2.576176	2.686785	5.330204	2.08178	7.537694	1.578176	4.076783	90	True	True
27.68861	30.37557	11.1963	6.110703	1.869593	7.005909	5.742146	2.576176	2.686785	5.330204	2.08178	7.537694	1.578176	4.076783	90	True	True
27.68861	30.37557	11.1963	6.110703	1.869593	7.005909	5.742146	2.576176	2.686785	5.330204	2.08178	7.537694	1.578176	4.076783	90	True	True
27.68861	30.37557	11.1963	6.110703	1.869593	7.005909	5.742146	2.576176	2.686785	5.330204	2.08178	7.537694	1.578176	4.076783	90	True	True
27.52914	30.65099	11.19119	6.144008	1.844608	6.94512	5.684172	2.441922	2.612772	5.283008	2.135793	7.531001	1.681094	4.178047	90	True	True
27.52914	30.65099	11.19119	6.144008	1.844608	6.94512	5.684172	2.441922	2.612772	5.283008	2.135793	7.531001	1.681094	4.178047	90	True	True
27.52914	30.65099	11.19119	6.144008	1.844608	6.94512	5.684172	2.441922	2.612772	5.283008	2.135793	7.531001	1.681094	4.178047	90	True	True
27.52914	30.65099	11.19119	6.144008	1.844608	6.94512	5.684172	2.441922	2.612772	5.283008	2.135793	7.531001	1.681094	4.178047	90	True	True
27.87682	29.80713	11.24128	6.171547	1.763466	7.088718	5.707326	2.326833	2.818757	5.325491	2.121627	8.028129	1.760023	4.196652	90	True	True
27.87682	29.80713	11.24128	6.171547	1.763466	7.088718	5.707326	2.326833	2.818757	5.325491	2.121627	8.028129	1.760023	4.196652	90	True	True
27.87682	29.80713	11.24128	6.171547	1.763466	7.088718	5.707326	2.326833	2.818757	5.325491	2.121627	8.028129	1.760023	4.196652	90	True	True
27.87682	29.80713	11.24128	6.171547	1.763466	7.088718	5.707326	2.326833	2.818757	5.325491	2.121627	8.028129	1.760023	4.196652	90	True	True
27.87682	29.80713	11.24128	6.171547	1.763466	7.088718	5.707326	2.326833	2.818757	5.325491	2.121627	8.028129	1.760023	4.196652	90	True	True
28.01907	29.91279	11.20619	6.171397	1.770009	7.02431	5.695633	2.341505	2.759594	5.36344	2.08234	8.017118	1.775637	4.20952	90	True	True
28.01907	29.91279	11.20619	6.171397	1.770009	7.02431	5.695633	2.341505	2.759594	5.36344	2.08234	8.017118	1.775637	4.20952	90	True	True
28.01907	29.91279	11.20619	6.171397	1.770009	7.02431	5.695633	2.341505	2.759594	5.36344	2.08234	8.017118	1.775637	4.20952	90	True	True
28.01907	29.91279	11.20619	6.171397	1.770009	7.02431	5.695633	2.341505	2.759594	5.36344	2.08234	8.017118	1.775637	4.20952	90	True	True
28.01907	29.91279	11.20619	6.171397	1.770009	7.02431	5.695633	2.341505	2.759594	5.36344	2.08234	8.017118	1.775637	4.20952	90	True	True
27.03287	27.75992	11.09719	6.13577	1.958249	6.742291	5.732065	2.497861	2.449517	5.314809	2.115904	7.294498	1.677706	4.048451	90	True	True
27.03287	27.75992	11.09719	6.13577	1.958249	6.742291	5.732065	2.497861	2.449517	5.314809	2.115904	7.294498	1.677706	4.048451	90	True	True
27.03287	27.75992	11.09719	6.13577	1.958249	6.742291	5.732065	2.497861	2.449517	5.314809	2.115904	7.294498	1.677706	4.048451	90	True	True
27.03287	27.75992	11.09719	6.13577	1.958249	6.742291	5.732065	2.497861	2.449517	5.314809	2.115904	7.294498	1.677706	4.048451	90	True	True
27.20759	26.46765	11.12201	6.233784	1.942185	6.73348	5.860391	2.461006	2.318405	5.35803	2.043435	7.117856	1.712007	4.124881	90	True	True
27.20759	26.46765	11.12201	6.233784	1.942185	6.73348	5.860391	2.461006	2.318405	5.35803	2.043435	7.117856	1.712007	4.124881	90	True	True
27.20759	26.46765	11.12201	6.233784	1.942185	6.73348	5.860391	2.461006	2.318405	5.35803	2.043435	7.117856	1.712007	4.124881	90	True	True
27.20759	26.46765	11.12201	6.233784	1.942185	6.73348	5.860391	2.461006	2.318405	5.35803	2.043435	7.117856	1.712007	4.124881	90	True	True
27.20759	26.46765	11.12201	6.233784	1.942185	6.73348	5.860391	2.461006	2.318405	5.35803	2.043435	7.117856	1.712007	4.124881	90	True	True
27.26047	26.46519	11.11318	6.358079	1.933196	6.915519	5.953746	2.603238	2.619794	5.329071	1.887611	7.626814	1.781579	3.961407	90	True	True
27.26047	26.46519	11.11318	6.358079	1.933196	6.915519	5.953746	2.603238	2.619794	5.329071	1.887611	7.626814	1.781579	3.961407	90	True	True
27.26047	26.46519	11.11318	6.358079	1.933196	6.915519	5.953746	2.603238	2.619794	5.329071	1.887611	7.626814	1.781579	3.961407	90	True	True
27.26047	26.46519	11.11318	6.358079	1.933196	6.915519	5.953746	2.603238	2.619794	5.329071	1.887611	7.626814	1.781579	3.961407	90	True	True
27.32646	26.11902	11.09165	6.172189	1.847696	6.887692	5.770205	2.324976	2.486878	5.253775	2.108021	7.665774	1.809378	4.126438	90	True	True
27.32646	26.11902	11.09165	6.172189	1.847696	6.887692	5.770205	2.324976	2.486878	5.253775	2.108021	7.665774	1.809378	4.126438	90	True	True
27.32646	26.11902	11.09165	6.172189	1.847696	6.887692	5.770205	2.324976	2.486878	5.253775	2.108021	7.665774	1.809378	4.126438	90	True	True
27.32646	26.11902	11.09165	6.172189	1.847696	6.887692	5.770205	2.324976	2.486878	5.253775	2.108021	7.665774	1.809378	4.126438	90	True	True
27.32646	26.11902	11.09165	6.172189	1.847696	6.887692	5.770205	2.324976	2.486878	5.253775	2.108021	7.665774	1.809378	4.126438	90	True	True
27.37445	26.83604	11.10412	6.180058	1.869689	6.890452	5.739073	2.326082	2.494651	5.371008	1.998014	7.799563	1.777618	4.166873	90	True	True
27.37445	26.83604	11.10412	6.180058	1.869689	6.890452	5.739073	2.326082	2.494651	5.371008	1.998014	7.799563	1.777618	4.166873	90	True	True
27.37445	26.83604	11.10412	6.180058	1.869689	6.890452	5.739073	2.326082	2.494651	5.371008	1.998014	7.799563	1.777618	4.166873	90	True	True
27.37445	26.83604	11.10412	6.180058	1.869689	6.890452	5.739073	2.326082	2.494651	5.371008	1.998014	7.799563	1.777618	4.166873	90	True	True
26.94518	25.47888	11.06386	6.183923	2.007495	6.790184	5.813755	2.437592	2.346846	5.249034	2.068379	7.405202	1.887297	4.04912	90	True	True
26.94518	25.47888	11.06386	6.183923	2.007495	6.790184	5.813755	2.437592	2.346846	5.249034	2.068379	7.405202	1.887297	4.04912	90	True	True
26.94518	25.47888	11.06386	6.183923	2.007495	6.790184	5.813755	2.437592	2.346846	5.249034	2.068379	7.405202	1.887297	4.04912	90	True	True
26.94518	25.47888	11.06386	6.183923	2.007495	6.790184	5.813755	2.437592	2.346846	5.249034	2.068379	7.405202	1.887297	4.04912	90	True	True
26.94518	25.47888	11.06386	6.183923	2.007495	6.790184	5.813755	2.437592	2.346846	5.249034	2.068379	7.405202	1.887297	4.04912	90	True	True
27.72512	28.39522	11.08848	6.255135	1.965025	6.816235	5.893217	2.654245	2.440556	5.344151	1.980898	7.61105	1.797002	3.947146	90	True	True
27.72512	28.39522	11.08848	6.255135	1.965025	6.816235	5.893217	2.654245	2.440556	5.344151	1.980898	7.61105	1.797002	3.947146	90	True	True
27.72512	28.39522	11.08848	6.255135	1.965025	6.816235	5.893217	2.654245	2.440556	5.344151	1.980898	7.61105	1.797002	3.947146	90	True	True
27.72512	28.39522	11.08848	6.255135	1.965025	6.816235	5.893217	2.654245	2.440556	5.344151	1.980898	7.61105	1.797002	3.947146	90	True	True
27.72512	28.39522	11.08848	6.255135	1.965025	6.816235	5.893217	2.654245	2.440556	5.344151	1.980898	7.61105	1.797002	3.947146	90	True	True
27.01855	24.27302	10.93357	6.207119	2.051754	6.789884	5.826554	2.473614	2.367938	5.069168	2.050703	7.467056	1.997919	4.102164	90	True	True
27.01855	24.27302	10.93357	6.207119	2.051754	6.789884	5.826554	2.473614	2.367938	5.069168	2.050703	7.467056	1.997919	4.102164	90	True	True
27.01855	24.27302	10.93357	6.207119	2.051754	6.789884	5.826554	2.473614	2.367938	5.069168	2.050703	7.467056	1.997919	4.102164	90	True	True
27.01855	24.27302	10.93357	6.207119	2.051754	6.789884	5.826554	2.473614	2.367938	5.069168	2.050703	7.467056	1.997919	4.102164	90	True	True
27.80594	26.00139	11.01149	6.272757	2.054241	6.750201	5.816855	2.517232	2.320604	5.321598	2.000665	7.469255	1.902692	4.081782	90	True	True
27.80594	26.00139	11.01149	6.272757	2.054241	6.750201	5.816855	2.517232	2.320604	5.321598	2.000665	7.469255	1.902692	4.081782	90	True	True
27.80594	26.00139	11.01149	6.272757	2.054241	6.750201	5.816855	2.517232	2.320604	5.321598	2.000665	7.469255	1.902692	4.081782	90	True	True
27.80594	26.00139	11.01149	6.272757	2.054241	6.750201	5.816855	2.517232	2.320604	5.321598	2.000665	7.469255	1.902692	4.081782	90	True	True
27.80594	26.00139	11.01149	6.272757	2.054241	6.750201	5.816855	2.517232	2.320604	5.321598	2.000665	7.469255	1.902692	4.081782	90	True	True
27.72797	24.70122	11.04915	6.381712	2.010514	6.778642	5.837209	2.503817	2.392526	5.198095	1.938961	7.463368	1.992619	3.962199	90	True	True
27.72797	24.70122	11.04915	6.381712	2.010514	6.778642	5.837209	2.503817	2.392526	5.198095	1.938961	7.463368	1.992619	3.962199	90	True	True
27.72797	24.70122	11.04915	6.381712	2.010514	6.778642	5.837209	2.503817	2.392526	5.198095	1.938961	7.463368	1.992619	3.962199	90	True	True
27.72797	24.70122	11.04915	6.381712	2.010514	6.778642	5.837209	2.503817	2.392526	5.198095	1.938961	7.463368	1.992619	3.962199	90	True	True
27.29314	25.64462	11.10945	6.399197	2.087599	6.89873	5.884133	2.509514	2.452318	5.117526	2.004763	7.446866	2.04028	4.086523	90	True	True
27.29314	25.64462	11.10945	6.399197	2.087599	6.89873	5.884133	2.509514	2.452318	5.117526	2.004763	7.446866	2.04028	4.086523	90	True	True
27.29314	25.64462	11.10945	6.399197	2.087599	6.89873	5.884133	2.509514	2.452318	5.117526	2.004763	7.446866	2.04028	4.086523	90	True	True
27.29314	25.64462	11.10945	6.399197	2.087599	6.89873	5.884133	2.509514	2.452318	5.117526	2.004763	7.446866	2.04028	4.086523	90	True	True
27.29314	25.64462	11.10945	6.399197	2.087599	6.89873	5.884133	2.509514	2.452318	5.117526	2.004763	7.446866	2.04028	4.086523	90	True	True
28.08282	26.10011	11.17842	6.347178	1.953646	7.013217	5.725194	2.272971	2.556505	5.149778	2.032015	7.477302	1.904332	4.038656	90	True	True
28.08282	26.10011	11.17842	6.347178	1.953646	7.013217	5.725194	2.272971	2.556505	5.149778	2.032015	7.477302	1.904332	4.038656	90	True	True
28.08282	26.10011	11.17842	6.347178	1.953646	7.013217	5.725194	2.272971	2.556505	5.149778	2.032015	7.477302	1.904332	4.038656	90	True	True
28.08282	26.10011	11.17842	6.347178	1.953646	7.013217	5.725194	2.272971	2.556505	5.149778	2.032015	7.477302	1.904332	4.038656	90	True	True
27.4894	25.85182	11.1712	6.287333	2.006033	6.951104	5.682164	2.246456	2.395067	5.180773	2.017317	7.367773	1.954943	4.091031	90	True	True
27.4894	25.85182	11.1712	6.287333	2.006033	6.951104	5.682164	2.246456	2.395067	5.180773	2.017317	7.367773	1.954943	4.091031	90	True	True
27.4894	25.85182	11.1712	6.287333	2.006033	6.951104	5.682164	2.246456	2.395067	5.180773	2.017317	7.367773	1.954943	4.091031	90	True	True
27.4894	25.85182	11.1712	6.287333	2.006033	6.951104	5.682164	2.246456	2.395067	5.180773	2.017317	7.367773	1.954943	4.091031	90	True	True
27.4894	25.85182	11.1712	6.287333	2.006033	6.951104	5.682164	2.246456	2.395067	5.180773	2.017317	7.367773	1.954943	4.091031	90	True	True
27.05021	26.33302	11.18575	6.334215	1.969997	7.090494	5.704922	2.313077	2.561464	5.158903	2.03778	7.479364	1.926298	4.016882	90	True	True
27.05021	26.33302	11.18575	6.334215	1.969997	7.090494	5.704922	2.313077	2.561464	5.158903	2.03778	7.479364	1.926298	4.016882	90	True	True
27.05021	26.33302	11.18575	6.334215	1.969997	7.090494	5.704922	2.313077	2.561464	5.158903	2.03778	7.479364	1.926298	4.016882	90	True	True
27.05021	26.33302	11.18575	6.334215	1.969997	7.090494	5.704922	2.313077	2.561464	5.158903	2.03778	7.479364	1.926298	4.016882	90	True	True
27.05021	26.33302	11.18575	6.334215	1.969997	7.090494	5.704922	2.313077	2.561464	5.158903	2.03778	7.479364	1.926298	4.016882	90	True	True
27.54242	26.80454	11.13248	6.385455	1.907419	7.074457	5.747775	2.302135	2.614343	5.184065	2.044883	7.507723	1.943906	4.050282	90	True	True
27.54242	26.80454	11.13248	6.385455	1.907419	7.074457	5.747775	2.302135	2.614343	5.184065	2.044883	7.507723	1.943906	4.050282	90	True	True
27.54242	26.80454	11.13248	6.385455	1.907419	7.074457	5.747775	2.302135	2.614343	5.184065	2.044883	7.507723	1.943906	4.050282	90	True	True
27.54242	26.80454	11.13248	6.385455	1.907419	7.074457	5.747775	2.302135	2.614343	5.184065	2.044883	7.507723	1.943906	4.050282	90	True	True
27.54242	26.80454	11.13248	6.385455	1.907419	7.074457	5.747775	2.302135	2.614343	5.184065	2.044883	7.507723	1.943906	4.050282	90	True	True
27.3427	25.75502	11.05877	6.311743	1.919795	6.928319	5.679965	2.235801	2.442796	5.151417	2.013724	7.265962	1.936229	4.069474	90	True	True
27.3427	25.75502	11.05877	6.311743	1.919795	6.928319	5.679965	2.235801	2.442796	5.151417	2.013724	7.265962	1.936229	4.069474	90	True	True
27.3427	25.75502	11.05877	6.311743	1.919795	6.928319	5.679965	2.235801	2.442796	5.151417	2.013724	7.265962	1.936229	4.069474	90	True	True
27.3427	25.75502	11.05877	6.311743	1.919795	6.928319	5.679965	2.235801	2.442796	5.151417	2.013724	7.265962	1.936229	4.069474	90	True	True
27.29772	25.52949	11.21451	6.470259	1.953236	7.103758	5.771899	2.309526	2.592692	5.182317	1.969314	7.54324	2.002714	4.056948	90	True	True
27.29772	25.52949	11.21451	6.470259	1.953236	7.103758	5.771899	2.309526	2.592692	5.182317	1.969314	7.54324	2.002714	4.056948	90	True	True
27.29772	25.52949	11.21451	6.470259	1.953236	7.103758	5.771899	2.309526	2.592692	5.182317	1.969314	7.54324	2.002714	4.056948	90	True	True
27.29772	25.52949	11.21451	6.470259	1.953236	7.103758	5.771899	2.309526	2.592692	5.182317	1.969314	7.54324	2.002714	4.056948	90	True	True
27.67488	26.63852	11.15298	6.355661	1.909154	6.980788	5.734319	2.321697	2.406719	5.237751	2.02651	7.321983	1.877421	4.131096	90	True	True
27.67488	26.63852	11.15298	6.355661	1.909154	6.980788	5.734319	2.321697	2.406719	5.237751	2.02651	7.321983	1.877421	4.131096	90	True	True
27.67488	26.63852	11.15298	6.355661	1.909154	6.980788	5.734319	2.321697	2.406719	5.237751	2.02651	7.321983	1.877421	4.131096	90	True	True
27.67488	26.63852	11.15298	6.355661	1.909154	6.980788	5.734319	2.321697	2.406719	5.237751	2.02651	7.321983	1.877421	4.131096	90	True	True
27.67488	26.63852	11.15298	6.355661	1.909154	6.980788	5.734319	2.321697	2.406719	5.237751	2.02651	7.321983	1.877421	4.131096	90	True	True
27.69166	25.93937	11.1856	6.498809	1.977838	7.048735	5.882398	2.503899	2.595328	5.227164	1.911818	7.471414	1.96762	3.940548	90	True	True
27.69166	25.93937	11.1856	6.498809	1.977838	7.048735	5.882398	2.503899	2.595328	5.227164	1.911818	7.471414	1.96762	3.940548	90	True	True
27.69166	25.93937	11.1856	6.498809	1.977838	7.048735	5.882398	2.503899	2.595328	5.227164	1.911818	7.471414	1.96762	3.940548	90	True	True
27.69166	25.93937	11.1856	6.498809	1.977838	7.048735	5.882398	2.503899	2.595328	5.227164	1.911818	7.471414	1.96762	3.940548	90	True	True
27.69166	25.93937	11.1856	6.498809	1.977838	7.048735	5.882398	2.503899	2.595328	5.227164	1.911818	7.471414	1.96762	3.940548	90	True	True
27.6825	26.30816	11.12371	6.421463	1.90567	6.957387	5.794575	2.411924	2.531343	5.089659	1.889059	7.340138	1.969013	4.012388	90	True	True
27.6825	26.30816	11.12371	6.421463	1.90567	6.957387	5.794575	2.411924	2.531343	5.089659	1.889059	7.340138	1.969013	4.012388	90	True	True
27.6825	26.30816	11.12371	6.421463	1.90567	6.957387	5.794575	2.411924	2.531343	5.089659	1.889059	7.340138	1.969013	4.012388	90	True	True
27.6825	26.30816	11.12371	6.421463	1.90567	6.957387	5.794575	2.411924	2.531343	5.089659	1.889059	7.340138	1.969013	4.012388	90	True	True
27.32605	25.63745	11.10891	6.377778	1.957252	6.859948	5.791023	2.456949	2.399548	5.134765	1.872517	7.219803	1.96762	3.992239	90	True	True
27.32605	25.63745	11.10891	6.377778	1.957252	6.859948	5.791023	2.456949	2.399548	5.134765	1.872517	7.219803	1.96762	3.992239	90	True	True
27.32605	25.63745	11.10891	6.377778	1.957252	6.859948	5.791023	2.456949	2.399548	5.134765	1.872517	7.219803	1.96762	3.992239	90	True	True
27.32605	25.63745	11.10891	6.377778	1.957252	6.859948	5.791023	2.456949	2.399548	5.134765	1.872517	7.219803	1.96762	3.992239	90	True	True
27.32605	25.63745	11.10891	6.377778	1.957252	6.859948	5.791023	2.456949	2.399548	5.134765	1.872517	7.219803	1.96762	3.992239	90	True	True
27.62991	25.16404	11.14608	6.520324	2.03625	7.008737	5.911849	2.607363	2.562844	5.189229	1.870222	7.329059	2.042479	3.831647	90	True	True
27.62991	25.16404	11.14608	6.520324	2.03625	7.008737	5.911849	2.607363	2.562844	5.189229	1.870222	7.329059	2.042479	3.831647	90	True	True
27.62991	25.16404	11.14608	6.520324	2.03625	7.008737	5.911849	2.607363	2.562844	5.189229	1.870222	7.329059	2.042479	3.831647	90	True	True
27.62991	25.16404	11.14608	6.520324	2.03625	7.008737	5.911849	2.607363	2.562844	5.189229	1.870222	7.329059	2.042479	3.831647	90	True	True
27.62991	25.16404	11.14608	6.520324	2.03625	7.008737	5.911849	2.607363	2.562844	5.189229	1.870222	7.329059	2.042479	3.831647	90	True	True
27.51603	26.0663	11.27549	6.355661	1.918566	7.003956	5.710072	2.337243	2.350848	5.079837	1.93239	7.317052	2.060606	4.061483	90	True	True
27.51603	26.0663	11.27549	6.355661	1.918566	7.003956	5.710072	2.337243	2.350848	5.079837	1.93239	7.317052	2.060606	4.061483	90	True	True
27.51603	26.0663	11.27549	6.355661	1.918566	7.003956	5.710072	2.337243	2.350848	5.079837	1.93239	7.317052	2.060606	4.061483	90	True	True
27.51603	26.0663	11.27549	6.355661	1.918566	7.003956	5.710072	2.337243	2.350848	5.079837	1.93239	7.317052	2.060606	4.061483	90	True	True
27.0448	24.68801	11.27336	6.431108	1.979218	6.962606	5.81217	2.462358	2.434942	5.13247	1.818872	7.223273	2.012945	3.856045	90	True	True
27.0448	24.68801	11.27336	6.431108	1.979218	6.962606	5.81217	2.462358	2.434942	5.13247	1.818872	7.223273	2.012945	3.856045	90	True	True
27.0448	24.68801	11.27336	6.431108	1.979218	6.962606	5.81217	2.462358	2.434942	5.13247	1.818872	7.223273	2.012945	3.856045	90	True	True
27.0448	24.68801	11.27336	6.431108	1.979218	6.962606	5.81217	2.462358	2.434942	5.13247	1.818872	7.223273	2.012945	3.856045	90	True	True
27.0448	24.68801	11.27336	6.431108	1.979218	6.962606	5.81217	2.462358	2.434942	5.13247	1.818872	7.223273	2.012945	3.856045	90	True	True
27.2583	26.27579	11.41507	6.463811	1.869279	7.149753	5.821978	2.451758	2.695882	5.136678	1.875863	7.700307	1.978426	3.927693	90	True	True
27.2583	26.27579	11.41507	6.463811	1.869279	7.149753	5.821978	2.451758	2.695882	5.136678	1.875863	7.700307	1.978426	3.927693	90	True	True
27.2583	26.27579	11.41507	6.463811	1.869279	7.149753	5.821978	2.451758	2.695882	5.136678	1.875863	7.700307	1.978426	3.927693	90	True	True
27.2583	26.27579	11.41507	6.463811	1.869279	7.149753	5.821978	2.451758	2.695882	5.136678	1.875863	7.700307	1.978426	3.927693	90	True	True
27.44688	26.3161	11.43631	6.355661	1.830989	7.184136	5.768197	2.362555	2.725484	5.189079	1.935423	7.722013	1.89186	4.032742	90	True	True
27.44688	26.3161	11.43631	6.355661	1.830989	7.184136	5.768197	2.362555	2.725484	5.189079	1.935423	7.722013	1.89186	4.032742	90	True	True
27.44688	26.3161	11.43631	6.355661	1.830989	7.184136	5.768197	2.362555	2.725484	5.189079	1.935423	7.722013	1.89186	4.032742	90	True	True
27.44688	26.3161	11.43631	6.355661	1.830989	7.184136	5.768197	2.362555	2.725484	5.189079	1.935423	7.722013	1.89186	4.032742	90	True	True
27.44688	26.3161	11.43631	6.355661	1.830989	7.184136	5.768197	2.362555	2.725484	5.189079	1.935423	7.722013	1.89186	4.032742	90	True	True
27.55158	25.05333	11.32311	6.331373	1.919686	6.972291	5.694472	2.277957	2.427524	5.132853	1.931584	7.472862	1.972879	4.041867	90	True	True
27.55158	25.05333	11.32311	6.331373	1.919686	6.972291	5.694472	2.277957	2.427524	5.132853	1.931584	7.472862	1.972879	4.041867	90	True	True
27.55158	25.05333	11.32311	6.331373	1.919686	6.972291	5.694472	2.277957	2.427524	5.132853	1.931584	7.472862	1.972879	4.041867	90	True	True
27.55158	25.05333	11.32311	6.331373	1.919686	6.972291	5.694472	2.277957	2.427524	5.132853	1.931584	7.472862	1.972879	4.041867	90	True	True
27.55158	25.05333	11.32311	6.331373	1.919686	6.972291	5.694472	2.277957	2.427524	5.132853	1.931584	7.472862	1.972879	4.041867	90	True	True
26.97222	24.59794	11.23113	6.333108	1.897952	6.91168	5.756873	2.358416	2.394657	5.268377	1.86529	7.489992	1.864457	3.915221	90	True	True
26.97222	24.59794	11.23113	6.333108	1.897952	6.91168	5.756873	2.358416	2.394657	5.268377	1.86529	7.489992	1.864457	3.915221	90	True	True
26.97222	24.59794	11.23113	6.333108	1.897952	6.91168	5.756873	2.358416	2.394657	5.268377	1.86529	7.489992	1.864457	3.915221	90	True	True
26.97222	24.59794	11.23113	6.333108	1.897952	6.91168	5.756873	2.358416	2.394657	5.268377	1.86529	7.489992	1.864457	3.915221	90	True	True
26.99341	24.03219	11.29771	6.344638	1.998998	6.868472	5.753567	2.382445	2.306138	5.208422	1.896504	7.249515	1.968904	3.903337	90	True	True
26.99341	24.03219	11.29771	6.344638	1.998998	6.868472	5.753567	2.382445	2.306138	5.208422	1.896504	7.249515	1.968904	3.903337	90	True	True
26.99341	24.03219	11.29771	6.344638	1.998998	6.868472	5.753567	2.382445	2.306138	5.208422	1.896504	7.249515	1.968904	3.903337	90	True	True
26.99341	24.03219	11.29771	6.344638	1.998998	6.868472	5.753567	2.382445	2.306138	5.208422	1.896504	7.249515	1.968904	3.903337	90	True	True
26.99341	24.03219	11.29771	6.344638	1.998998	6.868472	5.753567	2.382445	2.306138	5.208422	1.896504	7.249515	1.968904	3.903337	90	True	True
27.65905	24.17461	11.35906	6.272169	1.933305	6.929261	5.700756	2.347106	2.350521	5.186825	1.913976	7.193466	1.925792	3.965997	90	True	True
27.65905	24.17461	11.35906	6.272169	1.933305	6.929261	5.700756	2.347106	2.350521	5.186825	1.913976	7.193466	1.925792	3.965997	90	True	True
27.65905	24.17461	11.35906	6.272169	1.933305	6.929261	5.700756	2.347106	2.350521	5.186825	1.913976	7.193466	1.925792	3.965997	90	True	True
27.65905	24.17461	11.35906	6.272169	1.933305	6.929261	5.700756	2.347106	2.350521	5.186825	1.913976	7.193466	1.925792	3.965997	90	True	True
27.65905	24.17461	11.35906	6.272169	1.933305	6.929261	5.700756	2.347106	2.350521	5.186825	1.913976	7.193466	1.925792	3.965997	90	True	True
27.23518	24.007	11.38328	6.212842	1.97665	6.895998	5.632454	2.26278	2.301972	5.131104	1.989081	6.967988	1.951938	4.111617	90	True	True
27.23518	24.007	11.38328	6.212842	1.97665	6.895998	5.632454	2.26278	2.301972	5.131104	1.989081	6.967988	1.951938	4.111617	90	True	True
27.23518	24.007	11.38328	6.212842	1.97665	6.895998	5.632454	2.26278	2.301972	5.131104	1.989081	6.967988	1.951938	4.111617	90	True	True
27.23518	24.007	11.38328	6.212842	1.97665	6.895998	5.632454	2.26278	2.301972	5.131104	1.989081	6.967988	1.951938	4.111617	90	True	True
27.27876	25.07304	11.27166	6.274041	1.952443	6.872406	5.681931	2.331123	2.304266	5.261083	1.904646	7.100535	1.862558	4.016541	90	True	True
27.27876	25.07304	11.27166	6.274041	1.952443	6.872406	5.681931	2.331123	2.304266	5.261083	1.904646	7.100535	1.862558	4.016541	90	True	True
27.27876	25.07304	11.27166	6.274041	1.952443	6.872406	5.681931	2.331123	2.304266	5.261083	1.904646	7.100535	1.862558	4.016541	90	True	True
27.27876	25.07304	11.27166	6.274041	1.952443	6.872406	5.681931	2.331123	2.304266	5.261083	1.904646	7.100535	1.862558	4.016541	90	True	True
27.27876	25.07304	11.27166	6.274041	1.952443	6.872406	5.681931	2.331123	2.304266	5.261083	1.904646	7.100535	1.862558	4.016541	90	True	True
27.23627	24.2009	11.41257	6.395249	1.939166	6.920272	5.776311	2.269255	2.228711	5.238461	1.854567	6.946363	1.886163	3.86644	90	True	True
