5.405692	1.128654	4.004383	8.786744	8.680931	2.819249	10.4187	7.082161	5.067515	10.81091	5.439378	6.517605	8.141838	5.22659	90	True	True
5.405692	1.128654	4.004383	8.786744	8.680931	2.819249	10.4187	7.082161	5.067515	10.81091	5.439378	6.517605	8.141838	5.22659	90	True	True
5.405692	1.128654	4.004383	8.786744	8.680931	2.819249	10.4187	7.082161	5.067515	10.81091	5.439378	6.517605	8.141838	5.22659	90	True	True
9.474216	1.531608	5.879625	8.855292	8.958278	5.438012	7.308063	8.013198	2.290715	5.134997	7.884354	6.284313	8.733196	5.489375	90	True	True
9.474216	1.531608	5.879625	8.855292	8.958278	5.438012	7.308063	8.013198	2.290715	5.134997	7.884354	6.284313	8.733196	5.489375	90	True	True
4.683577	12.84187	9.467386	6.526608	1.357821	2.635818	6.872584	2.478286	4.211843	0.6314849	2.249243	2.766124	9.987546	5.291723	90	True	True
4.683577	12.84187	9.467386	6.526608	1.357821	2.635818	6.872584	2.478286	4.211843	0.6314849	2.249243	2.766124	9.987546	5.291723	90	True	True
18.17286	6.435192	9.884575	9.412267	6.060912	4.889316	6.672937	4.642363	5.422453	1.046419	5.652534	3.39084	4.799908	7.238545	90	True	True
18.17286	6.435192	9.884575	9.412267	6.060912	4.889316	6.672937	4.642363	5.422453	1.046419	5.652534	3.39084	4.799908	7.238545	90	True	True
15.0007	9.619112	10.59547	15.91894	19.18732	4.946211	10.58323	8.384269	6.374021	2.104128	6.103136	3.420224	3.632274	5.43696	90	True	True
15.0007	9.619112	10.59547	15.91894	19.18732	4.946211	10.58323	8.384269	6.374021	2.104128	6.103136	3.420224	3.632274	5.43696	90	True	True
13.49951	2.192224	9.008657	8.138655	3.413749	4.182582	6.33304	1.66742	5.893449	3.361156	2.262439	4.960964	4.634222	3.766501	90	True	True
13.49951	2.192224	9.008657	8.138655	3.413749	4.182582	6.33304	1.66742	5.893449	3.361156	2.262439	4.960964	4.634222	3.766501	90	True	True
11.32518	6.30602	9.397541	8.564012	1.536335	4.430054	7.512982	0.9228061	5.926944	3.933731	2.467918	5.26723	3.120543	3.673378	90	True	True
11.32518	6.30602	9.397541	8.564012	1.536335	4.430054	7.512982	0.9228061	5.926944	3.933731	2.467918	5.26723	3.120543	3.673378	90	True	True
11.32518	6.30602	9.397541	8.564012	1.536335	4.430054	7.512982	0.9228061	5.926944	3.933731	2.467918	5.26723	3.120543	3.673378	90	True	True
10.28521	6.41242	8.026244	9.426078	1.721692	3.310381	7.614916	2.296439	5.486725	4.882827	2.474488	4.990252	1.472459	2.999962	90	True	True
10.28521	6.41242	8.026244	9.426078	1.721692	3.310381	7.614916	2.296439	5.486725	4.882827	2.474488	4.990252	1.472459	2.999962	90	True	True
7.571968	7.576708	14.36548	14.86106	106.0501	7.494104	9.12936	118.0654	6.704397	2.649218	11.63702	5.784726	4.434999	5.589451	90	True	True
7.571968	7.576708	14.36548	14.86106	106.0501	7.494104	9.12936	118.0654	6.704397	2.649218	11.63702	5.784726	4.434999	5.589451	90	True	True
7.777379	9.701839	17.47237	45.35397	110.6824	10.93289	30.47705	134.386	8.747116	7.642852	161.4577	7.267014	7.410024	25.8285	90	True	True
7.777379	9.701839	17.47237	45.35397	110.6824	10.93289	30.47705	134.386	8.747116	7.642852	161.4577	7.267014	7.410024	25.8285	90	True	True
5.874024	11.2197	16.81603	44.56656	112.2059	10.44934	26.83635	137.8827	7.949664	7.057723	158.3714	6.484971	7.059048	16.77289	90	True	True
5.874024	11.2197	16.81603	44.56656	112.2059	10.44934	26.83635	137.8827	7.949664	7.057723	158.3714	6.484971	7.059048	16.77289	90	True	True
5.874024	11.2197	16.81603	44.56656	112.2059	10.44934	26.83635	137.8827	7.949664	7.057723	158.3714	6.484971	7.059048	16.77289	90	True	True
5.170364	9.174167	15.45436	80.94747	78.1604	10.31549	93.55289	72.72935	8.325037	51.40528	118.9319	6.056349	6.660616	171.3625	90	True	True
5.170364	9.174167	15.45436	80.94747	78.1604	10.31549	93.55289	72.72935	8.325037	51.40528	118.9319	6.056349	6.660616	171.3625	90	True	True
6.144718	14.03534	16.04386	83.82458	74.56755	10.40128	91.44328	74.36246	7.961193	51.2061	117.8235	4.703903	8.636248	126.161	90	True	True
6.144718	14.03534	16.04386	83.82458	74.56755	10.40128	91.44328	74.36246	7.961193	51.2061	117.8235	4.703903	8.636248	126.161	90	True	True
3.902695	16.0777	15.46384	114.5846	45.16059	9.972794	127.6093	40.18169	7.830395	113.1695	58.87588	4.758763	2.629944	175.1873	90	True	True
3.902695	16.0777	15.46384	114.5846	45.16059	9.972794	127.6093	40.18169	7.830395	113.1695	58.87588	4.758763	2.629944	175.1873	90	True	True
5.099808	14.73867	15.06609	117.0191	42.83344	9.844044	132.277	35.65524	8.108644	105.368	66.67159	5.009377	6.768997	154.4398	90	True	True
5.099808	14.73867	15.06609	117.0191	42.83344	9.844044	132.277	35.65524	8.108644	105.368	66.67159	5.009377	6.768997	154.4398	90	True	True
3.061516	17.51702	15.2366	137.1529	24.20423	10.3689	151.2835	17.31254	7.56302	158.3809	15.20935	4.472865	9.406543	161.3393	90	True	True
3.061516	17.51702	15.2366	137.1529	24.20423	10.3689	151.2835	17.31254	7.56302	158.3809	15.20935	4.472865	9.406543	161.3393	90	True	True
4.016691	15.8432	14.70534	136.9193	24.59525	10.42111	150.8835	18.14143	7.846473	159.1464	15.74131	4.724093	9.352708	154.2584	90	True	True
4.016691	15.8432	14.70534	136.9193	24.59525	10.42111	150.8835	18.14143	7.846473	159.1464	15.74131	4.724093	9.352708	154.2584	90	True	True
2.793513	21.9414	15.74105	134.6852	27.4579	10.29732	154.1959	16.71694	7.716044	165.1419	11.31666	5.510426	21.40344	148.0839	90	True	True
2.793513	21.9414	15.74105	134.6852	27.4579	10.29732	154.1959	16.71694	7.716044	165.1419	11.31666	5.510426	21.40344	148.0839	90	True	True
2.789087	18.28588	15.46213	131.8886	29.62065	10.84676	152.8102	16.32569	8.043743	162.8085	11.92632	4.77573	21.57508	143.6457	90	True	True
2.789087	18.28588	15.46213	131.8886	29.62065	10.84676	152.8102	16.32569	8.043743	162.8085	11.92632	4.77573	21.57508	143.6457	90	True	True
3.51	23.23664	16.50422	135.6313	25.2538	10.23151	154.9416	15.65335	7.977476	166.7979	9.765839	6.135238	83.55707	85.44515	90	True	True
3.51	23.23664	16.50422	135.6313	25.2538	10.23151	154.9416	15.65335	7.977476	166.7979	9.765839	6.135238	83.55707	85.44515	90	True	True
3.168791	23.39588	14.92304	138.9397	22.88912	10.27869	156.275	12.70669	7.629027	165.5097	8.98146	5.752652	86.21938	83.6721	90	True	True
3.168791	23.39588	14.92304	138.9397	22.88912	10.27869	156.275	12.70669	7.629027	165.5097	8.98146	5.752652	86.21938	83.6721	90	True	True
4.639836	30.70195	16.21081	140.3684	20.39315	9.861789	157.7452	12.38586	7.653917	168.9795	7.163468	7.322229	125.3594	45.43301	90	True	True
4.639836	30.70195	16.21081	140.3684	20.39315	9.861789	157.7452	12.38586	7.653917	168.9795	7.163468	7.322229	125.3594	45.43301	90	True	True
3.779519	23.49813	14.71259	140.9997	20.68969	9.767983	157.0019	12.25179	7.746589	166.3905	8.302101	6.342889	95.04588	75.77817	90	True	True
3.779519	23.49813	14.71259	140.9997	20.68969	9.767983	157.0019	12.25179	7.746589	166.3905	8.302101	6.342889	95.04588	75.77817	90	True	True
3.779519	23.49813	14.71259	140.9997	20.68969	9.767983	157.0019	12.25179	7.746589	166.3905	8.302101	6.342889	95.04588	75.77817	90	True	True
4.629987	29.6657	15.54908	144.7998	16.66604	9.664834	159.6656	9.531331	7.95103	169.1792	7.215364	8.907393	145.3967	26.58739	90	True	True
4.629987	29.6657	15.54908	144.7998	16.66604	9.664834	159.6656	9.531331	7.95103	169.1792	7.215364	8.907393	145.3967	26.58739	90	True	True
4.28162	29.51821	14.56302	142.445	19.22225	8.528851	157.319	11.63186	6.840974	165.369	10.14408	8.292949	126.5401	45.11073	90	True	True
4.28162	29.51821	14.56302	142.445	19.22225	8.528851	157.319	11.63186	6.840974	165.369	10.14408	8.292949	126.5401	45.11073	90	True	True
4.28162	29.51821	14.56302	142.445	19.22225	8.528851	157.319	11.63186	6.840974	165.369	10.14408	8.292949	126.5401	45.11073	90	True	True
3.60804	18.44993	14.16434	142.0785	18.75196	9.573473	156.0328	11.88142	7.70879	164.8124	9.421788	7.528815	122.949	48.27173	90	True	True
3.60804	18.44993	14.16434	142.0785	18.75196	9.573473	156.0328	11.88142	7.70879	164.8124	9.421788	7.528815	122.949	48.27173	90	True	True
4.397829	24.18326	15.28825	134.4016	26.52409	9.831791	155.3658	12.51047	7.441866	163.913	10.33445	7.953734	123.7651	46.61759	90	True	True
4.397829	24.18326	15.28825	134.4016	26.52409	9.831791	155.3658	12.51047	7.441866	163.913	10.33445	7.953734	123.7651	46.61759	90	True	True
3.123302	23.27875	14.65696	135.432	25.15751	9.871829	152.0616	15.68626	8.278018	159.132	14.69103	9.606627	113.1447	58.90856	90	True	True
3.123302	23.27875	14.65696	135.432	25.15751	9.871829	152.0616	15.68626	8.278018	159.132	14.69103	9.606627	113.1447	58.90856	90	True	True
3.623477	23.01729	14.70049	134.5548	27.24461	9.202225	155.743	12.8764	6.595374	163.8584	11.46825	7.709296	125.3375	46.0635	90	True	True
3.623477	23.01729	14.70049	134.5548	27.24461	9.202225	155.743	12.8764	6.595374	163.8584	11.46825	7.709296	125.3375	46.0635	90	True	True
3.564805	23.03389	14.5617	123.1727	37.59137	9.605684	141.9439	25.19261	8.05478	147.4009	25.09935	9.612979	80.59883	89.91348	90	True	True
3.564805	23.03389	14.5617	123.1727	37.59137	9.605684	141.9439	25.19261	8.05478	147.4009	25.09935	9.612979	80.59883	89.91348	90	True	True
3.822645	17.85877	14.62529	131.2751	30.22267	9.317682	155.9315	12.37707	6.277879	164.7653	11.12864	6.818858	133.1351	38.46775	90	True	True
3.822645	17.85877	14.62529	131.2751	30.22267	9.317682	155.9315	12.37707	6.277879	164.7653	11.12864	6.818858	133.1351	38.46775	90	True	True
3.470112	22.51945	13.6275	128.9299	33.20451	8.932364	150.2594	17.73198	7.101464	155.1127	19.24829	8.558794	92.32162	77.6831	90	True	True
3.470112	22.51945	13.6275	128.9299	33.20451	8.932364	150.2594	17.73198	7.101464	155.1127	19.24829	8.558794	92.32162	77.6831	90	True	True
4.14335	17.35785	13.92773	142.3261	19.97259	9.269257	160.3947	8.624637	6.696447	168.7865	8.535502	7.618085	148.7274	23.80894	90	True	True
4.14335	17.35785	13.92773	142.3261	19.97259	9.269257	160.3947	8.624637	6.696447	168.7865	8.535502	7.618085	148.7274	23.80894	90	True	True
3.634692	22.23682	13.18405	144.2889	18.93253	8.748728	158.5309	10.10214	7.055264	164.7093	11.66876	9.580426	134.6625	38.29208	90	True	True
3.634692	22.23682	13.18405	144.2889	18.93253	8.748728	158.5309	10.10214	7.055264	164.7093	11.66876	9.580426	134.6625	38.29208	90	True	True
3.855034	18.70452	13.46559	152.3888	11.58022	9.189357	163.698	6.745324	7.194204	170.5432	9.38929	9.384919	150.3502	21.68246	90	True	True
3.855034	18.70452	13.46559	152.3888	11.58022	9.189357	163.698	6.745324	7.194204	170.5432	9.38929	9.384919	150.3502	21.68246	90	True	True
3.855034	18.70452	13.46559	152.3888	11.58022	9.189357	163.698	6.745324	7.194204	170.5432	9.38929	9.384919	150.3502	21.68246	90	True	True
3.837466	24.9969	12.5996	146.4377	17.48077	8.345432	159.8305	9.479612	6.714342	166.1544	11.04142	8.988372	136.8547	36.18897	90	True	True
3.837466	24.9969	12.5996	146.4377	17.48077	8.345432	159.8305	9.479612	6.714342	166.1544	11.04142	8.988372	136.8547	36.18897	90	True	True
3.692202	21.71718	12.85058	151.8989	12.94779	8.912447	163.8157	6.612067	6.688237	170.6499	8.859226	8.832534	146.5871	26.27051	90	True	True
3.692202	21.71718	12.85058	151.8989	12.94779	8.912447	163.8157	6.612067	6.688237	170.6499	8.859226	8.832534	146.5871	26.27051	90	True	True
3.71552	18.26313	13.04023	151.6389	13.44503	8.929414	163.3378	7.172798	6.676612	169.8978	9.777559	8.817698	145.1252	27.79054	90	True	True
3.71552	18.26313	13.04023	151.6389	13.44503	8.929414	163.3378	7.172798	6.676612	169.8978	9.777559	8.817698	145.1252	27.79054	90	True	True
3.71552	18.26313	13.04023	151.6389	13.44503	8.929414	163.3378	7.172798	6.676612	169.8978	9.777559	8.817698	145.1252	27.79054	90	True	True
3.411618	21.81982	12.51048	147.1459	17.87107	7.972476	161.0021	9.230187	6.384471	167.488	10.59202	8.426739	133.7228	39.03081	90	True	True
3.411618	21.81982	12.51048	147.1459	17.87107	7.972476	161.0021	9.230187	6.384471	167.488	10.59202	8.426739	133.7228	39.03081	90	True	True
3.5047	17.44126	12.09286	152.37	13.11983	8.017365	163.4451	7.059963	6.100622	170.084	9.067069	8.232133	137.4197	34.74661	90	True	True
3.5047	17.44126	12.09286	152.37	13.11983	8.017365	163.4451	7.059963	6.100622	170.084	9.067069	8.232133	137.4197	34.74661	90	True	True
3.238759	22.38755	11.70807	149.4235	16.26349	7.317694	161.4954	9.302479	5.806159	167.5424	10.86923	8.121101	125.4991	47.12217	90	True	True
3.238759	22.38755	11.70807	149.4235	16.26349	7.317694	161.4954	9.302479	5.806159	167.5424	10.86923	8.121101	125.4991	47.12217	90	True	True
3.260083	22.80408	11.9782	149.6176	16.26592	7.441962	161.9899	9.316125	5.769522	167.8529	11.13696	7.547502	127.3953	45.18917	90	True	True
3.260083	22.80408	11.9782	149.6176	16.26592	7.441962	161.9899	9.316125	5.769522	167.8529	11.13696	7.547502	127.3953	45.18917	90	True	True
3.315517	17.85495	11.95205	152.1341	13.71075	7.861541	163.4886	7.508406	6.058808	169.5486	9.650476	8.439101	131.9078	39.58092	90	True	True
3.315517	17.85495	11.95205	152.1341	13.71075	7.861541	163.4886	7.508406	6.058808	169.5486	9.650476	8.439101	131.9078	39.58092	90	True	True
3.212299	17.99877	12.07551	152.5615	13.43377	8.132194	163.8567	7.345629	6.303684	170.2699	9.167869	8.476257	134.9731	36.44402	90	True	True
3.212299	17.99877	12.07551	152.5615	13.43377	8.132194	163.8567	7.345629	6.303684	170.2699	9.167869	8.476257	134.9731	36.44402	90	True	True
3.068483	21.658	11.98503	149.832	16.20553	7.635858	162.1822	8.963742	5.935646	167.8601	11.03039	8.004784	131.284	41.90652	90	True	True
3.068483	21.658	11.98503	149.832	16.20553	7.635858	162.1822	8.963742	5.935646	167.8601	11.03039	8.004784	131.284	41.90652	90	True	True
3.101158	18.92519	11.77777	154.886	11.78313	7.88531	164.3713	7.062668	6.109802	169.605	9.141422	7.484009	135.771	34.93443	90	True	True
3.101158	18.92519	11.77777	154.886	11.78313	7.88531	164.3713	7.062668	6.109802	169.605	9.141422	7.484009	135.771	34.93443	90	True	True
3.036804	19.01446	11.71642	152.8205	13.76177	7.760932	163.5405	7.878876	6.101169	168.5872	10.25608	7.842854	133.7076	38.07619	90	True	True
3.036804	19.01446	11.71642	152.8205	13.76177	7.760932	163.5405	7.878876	6.101169	168.5872	10.25608	7.842854	133.7076	38.07619	90	True	True
3.168845	17.59474	11.60291	154.2453	12.55906	7.857047	164.6468	7.291028	6.28475	169.9348	9.589333	7.796039	139.0424	32.78412	90	True	True
3.168845	17.59474	11.60291	154.2453	12.55906	7.857047	164.6468	7.291028	6.28475	169.9348	9.589333	7.796039	139.0424	32.78412	90	True	True
2.913492	18.94929	11.48504	153.1706	13.47383	7.576886	163.7311	7.864765	6.08856	168.7671	10.54254	8.019878	137.44	34.92179	90	True	True
2.913492	18.94929	11.48504	153.1706	13.47383	7.576886	163.7311	7.864765	6.08856	168.7671	10.54254	8.019878	137.44	34.92179	90	True	True
3.089643	16.76942	11.72366	154.5064	12.129	7.780794	164.7143	7.126257	6.238223	170.1969	9.183907	7.610846	137.1315	33.67131	90	True	True
3.089643	16.76942	11.72366	154.5064	12.129	7.780794	164.7143	7.126257	6.238223	170.1969	9.183907	7.610846	137.1315	33.67131	90	True	True
2.813826	19.20914	11.51373	155.0805	12.29917	7.860748	164.5364	7.551095	6.198184	169.4505	10.06726	7.455773	140.2069	31.65713	90	True	True
2.813826	19.20914	11.51373	155.0805	12.29917	7.860748	164.5364	7.551095	6.198184	169.4505	10.06726	7.455773	140.2069	31.65713	90	True	True
3.049795	17.21947	11.3939	154.2505	12.34027	7.818305	164.2814	7.29137	6.34155	169.8702	9.041634	7.718899	133.3982	37.03328	90	True	True
3.049795	17.21947	11.3939	154.2505	12.34027	7.818305	164.2814	7.29137	6.34155	169.8702	9.041634	7.718899	133.3982	37.03328	90	True	True
3.049795	17.21947	11.3939	154.2505	12.34027	7.818305	164.2814	7.29137	6.34155	169.8702	9.041634	7.718899	133.3982	37.03328	90	True	True
2.792461	18.93347	11.14813	153.9547	13.25078	7.674366	164.1545	7.822349	6.184975	169.0195	10.32135	8.150854	136.2256	35.76159	90	True	True
3.107838	17.76246	11.12593	154.3665	12.33639	7.65199	163.9024	7.406363	6.21914	169.3721	9.576793	7.675418	126.8751	42.4222	90	True	True
3.107838	17.76246	11.12593	154.3665	12.33639	7.65199	163.9024	7.406363	6.21914	169.3721	9.576793	7.675418	126.8751	42.4222	90	True	True
3.107838	17.76246	11.12593	154.3665	12.33639	7.65199	163.9024	7.406363	6.21914	169.3721	9.576793	7.675418	126.8751	42.4222	90	True	True
2.693628	20.71425	10.98664	155.5535	11.97901	7.569427	164.7802	7.499254	6.031269	169.6971	10.23409	8.210851	138.8386	33.78548	90	True	True
2.693628	20.71425	10.98664	155.5535	11.97901	7.569427	164.7802	7.499254	6.031269	169.6971	10.23409	8.210851	138.8386	33.78548	90	True	True
3.039755	17.09555	10.84386	152.0701	13.94676	7.390722	163.3169	7.9704	6.191218	168.4528	10.09055	7.848099	122.4003	46.68044	90	True	True
3.039755	17.09555	10.84386	152.0701	13.94676	7.390722	163.3169	7.9704	6.191218	168.4528	10.09055	7.848099	122.4003	46.68044	90	True	True
3.039755	17.09555	10.84386	152.0701	13.94676	7.390722	163.3169	7.9704	6.191218	168.4528	10.09055	7.848099	122.4003	46.68044	90	True	True
3.105065	17.28508	11.10495	149.095	16.73916	7.560726	162.3197	8.786662	5.972379	167.756	10.40595	7.398304	122.5416	47.34673	90	True	True
2.908848	18.36638	11.03348	150.0553	16.26474	7.571463	162.9973	8.409964	6.251187	168.4753	10.39823	8.561853	130.7246	41.25745	90	True	True
2.908848	18.36638	11.03348	150.0553	16.26474	7.571463	162.9973	8.409964	6.251187	168.4753	10.39823	8.561853	130.7246	41.25745	90	True	True
2.908848	18.36638	11.03348	150.0553	16.26474	7.571463	162.9973	8.409964	6.251187	168.4753	10.39823	8.561853	130.7246	41.25745	90	True	True
2.626214	19.17038	10.94885	149.4403	16.19022	7.847348	161.1006	9.019354	6.372272	166.0396	10.82334	7.405653	113.2012	55.41199	90	True	True
2.626214	19.17038	10.94885	149.4403	16.19022	7.847348	161.1006	9.019354	6.372272	166.0396	10.82334	7.405653	113.2012	55.41199	90	True	True
2.870653	16.23896	10.87315	148.5262	17.74838	7.498571	162.2882	8.990353	6.325855	167.4936	11.02955	8.540107	124.9712	45.69582	90	True	True
2.870653	16.23896	10.87315	148.5262	17.74838	7.498571	162.2882	8.990353	6.325855	167.4936	11.02955	8.540107	124.9712	45.69582	90	True	True
2.64915	19.44475	10.68158	150.3389	15.93067	7.226839	161.6481	9.336575	6.355361	166.0157	11.21669	7.443205	118.2577	50.18555	90	True	True
2.64915	19.44475	10.68158	150.3389	15.93067	7.226839	161.6481	9.336575	6.355361	166.0157	11.21669	7.443205	118.2577	50.18555	90	True	True
2.66572	14.62714	10.95876	150.0878	15.88708	7.408563	162.6146	8.823805	6.129897	167.6734	11.01628	7.953202	132.8959	38.87333	90	True	True
2.66572	14.62714	10.95876	150.0878	15.88708	7.408563	162.6146	8.823805	6.129897	167.6734	11.01628	7.953202	132.8959	38.87333	90	True	True
2.675392	16.95297	10.41501	149.3786	16.59028	7.289977	160.9422	9.647171	6.386165	165.3796	11.58119	7.414395	113.6313	53.91577	90	True	True
2.675392	16.95297	10.41501	149.3786	16.59028	7.289977	160.9422	9.647171	6.386165	165.3796	11.58119	7.414395	113.6313	53.91577	90	True	True
2.665133	15.58841	10.99098	150.8778	14.92177	7.401281	162.6575	9.006826	6.180181	167.4321	11.45911	8.019196	134.8664	36.80724	90	True	True
2.665133	15.58841	10.99098	150.8778	14.92177	7.401281	162.6575	9.006826	6.180181	167.4321	11.45911	8.019196	134.8664	36.80724	90	True	True
2.913287	15.2322	10.31112	147.4481	17.70425	7.393113	159.3941	10.24839	6.551046	163.5075	12.61018	8.221697	104.8701	62.15623	90	True	True
2.913287	15.2322	10.31112	147.4481	17.70425	7.393113	159.3941	10.24839	6.551046	163.5075	12.61018	8.221697	104.8701	62.15623	90	True	True
2.708914	15.48806	10.76574	149.1795	15.96426	7.330876	161.1132	9.720308	6.328983	166.3101	11.80432	8.605867	128.1307	43.53727	90	True	True
2.708914	15.48806	10.76574	149.1795	15.96426	7.330876	161.1132	9.720308	6.328983	166.3101	11.80432	8.605867	128.1307	43.53727	90	True	True
3.245344	11.46897	10.24336	148.3044	17.44361	7.073761	161.2041	9.740307	6.360361	165.3295	11.96931	8.459019	113.9838	53.67766	90	True	True
3.245344	11.46897	10.24336	148.3044	17.44361	7.073761	161.2041	9.740307	6.360361	165.3295	11.96931	8.459019	113.9838	53.67766	90	True	True
3.245344	11.46897	10.24336	148.3044	17.44361	7.073761	161.2041	9.740307	6.360361	165.3295	11.96931	8.459019	113.9838	53.67766	90	True	True
2.719446	13.43334	10.78817	147.2691	17.46596	7.308897	160.9617	9.869493	6.10024	165.5034	12.39769	8.236736	127.8618	42.70868	90	True	True
2.719446	13.43334	10.78817	147.2691	17.46596	7.308897	160.9617	9.869493	6.10024	165.5034	12.39769	8.236736	127.8618	42.70868	90	True	True
3.243226	10.66083	10.15586	151.5539	14.50767	7.260634	162.1684	8.725928	6.103546	166.5093	10.90905	7.569523	117.0083	49.96544	90	True	True
3.243226	10.66083	10.15586	151.5539	14.50767	7.260634	162.1684	8.725928	6.103546	166.5093	10.90905	7.569523	117.0083	49.96544	90	True	True
2.991725	8.002611	10.78844	144.6911	19.97907	7.341955	159.7714	10.43633	5.745767	164.0167	12.82451	7.317994	109.2454	56.83912	90	True	True
2.991725	8.002611	10.78844	144.6911	19.97907	7.341955	159.7714	10.43633	5.745767	164.0167	12.82451	7.317994	109.2454	56.83912	90	True	True
3.031436	11.70662	10.91063	148.4271	16.99923	6.950052	160.7527	10.86741	6.045229	164.2802	13.95195	8.306691	127.9397	41.24298	90	True	True
3.031436	11.70662	10.91063	148.4271	16.99923	6.950052	160.7527	10.86741	6.045229	164.2802	13.95195	8.306691	127.9397	41.24298	90	True	True
3.078291	8.085393	11.06557	140.4434	24.05465	6.907568	158.2832	13.41875	5.025236	163.5755	15.13778	6.492115	111.4152	57.81151	90	True	True
3.078291	8.085393	11.06557	140.4434	24.05465	6.907568	158.2832	13.41875	5.025236	163.5755	15.13778	6.492115	111.4152	57.81151	90	True	True
3.078291	8.085393	11.06557	140.4434	24.05465	6.907568	158.2832	13.41875	5.025236	163.5755	15.13778	6.492115	111.4152	57.81151	90	True	True
3.22264	11.15638	11.34901	143.9653	19.65627	7.145068	158.1644	11.78783	5.74354	163.1029	13.70025	7.111545	116.6005	50.9212	90	True	True
3.22264	11.15638	11.34901	143.9653	19.65627	7.145068	158.1644	11.78783	5.74354	163.1029	13.70025	7.111545	116.6005	50.9212	90	True	True
4.910789	7.049595	11.02023	149.8707	13.95477	7.623358	161.0132	9.249094	6.487088	166.9003	10.25134	7.154726	131.942	35.68018	90	True	True
4.910789	7.049595	11.02023	149.8707	13.95477	7.623358	161.0132	9.249094	6.487088	166.9003	10.25134	7.154726	131.942	35.68018	90	True	True
4.544418	7.934788	11.6618	142.656	19.22345	7.683218	156.2626	12.08189	6.435138	162.6333	12.72233	7.973405	118.2633	48.40464	90	True	True
4.544418	7.934788	11.6618	142.656	19.22345	7.683218	156.2626	12.08189	6.435138	162.6333	12.72233	7.973405	118.2633	48.40464	90	True	True
5.954798	8.597631	12.43984	156.5157	7.372007	9.009573	164.6947	7.413781	7.487315	170.0546	9.358936	9.134155	154.0707	16.62474	90	True	True
5.954798	8.597631	12.43984	156.5157	7.372007	9.009573	164.6947	7.413781	7.487315	170.0546	9.358936	9.134155	154.0707	16.62474	90	True	True
4.535143	7.33869	12.50114	153.7609	9.913713	9.155602	163.0395	8.279958	8.100064	167.3018	10.59547	11.15646	148.8342	20.00126	90	True	True
4.535143	7.33869	12.50114	153.7609	9.913713	9.155602	163.0395	8.279958	8.100064	167.3018	10.59547	11.15646	148.8342	20.00126	90	True	True
6.426928	2.772203	15.93528	152.4513	8.934987	10.4015	162.4228	8.509617	7.143114	169.0334	9.348473	11.27028	160.5983	10.35767	90	True	True
6.426928	2.772203	15.93528	152.4513	8.934987	10.4015	162.4228	8.509617	7.143114	169.0334	9.348473	11.27028	160.5983	10.35767	90	True	True
5.676126	5.615242	14.85993	153.9549	10.11787	10.67177	161.3165	11.41484	8.220057	166.3211	12.13157	13.10519	157.7661	13.03888	90	True	True
5.676126	5.615242	14.85993	153.9549	10.11787	10.67177	161.3165	11.41484	8.220057	166.3211	12.13157	13.10519	157.7661	13.03888	90	True	True
14.42302	9.791629	18.20537	147.7385	11.15749	12.34221	158.1991	9.797653	8.811374	165.2101	10.65364	15.1365	157.8946	12.55903	90	True	True
14.42302	9.791629	18.20537	147.7385	11.15749	12.34221	158.1991	9.797653	8.811374	165.2101	10.65364	15.1365	157.8946	12.55903	90	True	True
13.53554	5.19207	15.38688	150.6135	12.36147	11.68519	157.7084	10.55932	9.264762	163.803	10.82662	16.74529	153.5832	13.42704	90	True	True
13.53554	5.19207	15.38688	150.6135	12.36147	11.68519	157.7084	10.55932	9.264762	163.803	10.82662	16.74529	153.5832	13.42704	90	True	True
21.08398	9.570809	21.38937	144.1734	13.65054	16.11007	154.4509	8.170866	13.0013	161.3291	8.470616	19.93834	150.4607	11.72466	90	True	True
21.08398	9.570809	21.38937	144.1734	13.65054	16.11007	154.4509	8.170866	13.0013	161.3291	8.470616	19.93834	150.4607	11.72466	90	True	True
21.08398	9.570809	21.38937	144.1734	13.65054	16.11007	154.4509	8.170866	13.0013	161.3291	8.470616	19.93834	150.4607	11.72466	90	True	True
21.79492	4.079146	18.34017	146.4535	13.35684	15.22376	153.5313	9.964242	13.64059	160.2175	10.37534	21.1053	147.7424	13.58734	90	True	True
21.79492	4.079146	18.34017	146.4535	13.35684	15.22376	153.5313	9.964242	13.64059	160.2175	10.37534	21.1053	147.7424	13.58734	90	True	True
41.45972	12.67188	21.68645	5.187535	1.951733	32.45761	137.4935	10.41107	34.87885	142.7719	10.11106	36.26521	142.3575	11.48508	90	True	True
41.45972	12.67188	21.68645	5.187535	1.951733	32.45761	137.4935	10.41107	34.87885	142.7719	10.11106	36.26521	142.3575	11.48508	90	True	True
63.55124	35.45415	40.23365	167.3696	5.617373	22.99645	163.6292	4.029682	18.11016	168.0471	5.773388	19.93644	158.307	5.472573	90	True	True
63.55124	35.45415	40.23365	167.3696	5.617373	22.99645	163.6292	4.029682	18.11016	168.0471	5.773388	19.93644	158.307	5.472573	90	True	True
14.91213	3.971379	37.07571	53.6556	59.80137	41.14875	63.41919	38.05323	47.89669	64.44733	42.67612	55.62934	50.61171	40.44549	90.00002	True	True
14.91213	3.971379	37.07571	53.6556	59.80137	41.14875	63.41919	38.05323	47.89669	64.44733	42.67612	55.62934	50.61171	40.44549	90.00002	True	True
14.08789	13.65354	7.513925	28.97521	33.78745	1.321156	37.93654	23.69944	7.975946	35.51107	27.20009	19.87468	26.47775	21.4929	90	True	True
14.08789	13.65354	7.513925	28.97521	33.78745	1.321156	37.93654	23.69944	7.975946	35.51107	27.20009	19.87468	26.47775	21.4929	90	True	True
18.9422	8.327182	18.95052	104.3314	48.53629	12.36363	107.5572	48.24208	7.466155	71.06772	87.35027	3.654417	37.6538	101.5651	90	True	True
18.9422	8.327182	18.95052	104.3314	48.53629	12.36363	107.5572	48.24208	7.466155	71.06772	87.35027	3.654417	37.6538	101.5651	90	True	True
10.30366	0.9181343	14.8711	20.74675	50.78607	12.49084	38.92933	86.87762	12.13918	28.19257	80.61625	12.16436	21.51335	46.15371	90	True	True
10.30366	0.9181343	14.8711	20.74675	50.78607	12.49084	38.92933	86.87762	12.13918	28.19257	80.61625	12.16436	21.51335	46.15371	90	True	True
9.794416	1.305215	16.45111	28.74795	42.7344	12.67155	34.06829	61.06131	12.3649	30.72548	55.16377	9.937167	14.88366	20.78998	90	True	True
9.794416	1.305215	16.45111	28.74795	42.7344	12.67155	34.06829	61.06131	12.3649	30.72548	55.16377	9.937167	14.88366	20.78998	90	True	True
10.20723	1.031351	15.10728	22.46315	27.25513	13.01272	32.97798	53.54327	13.2669	29.83819	48.72884	11.4719	15.03644	20.85619	90	True	True
10.20723	1.031351	15.10728	22.46315	27.25513	13.01272	32.97798	53.54327	13.2669	29.83819	48.72884	11.4719	15.03644	20.85619	90	True	True
10.57202	4.360222	16.18312	23.0556	42.3412	11.90512	28.21318	63.00361	11.36599	23.91299	51.139	9.272248	12.58505	20.57363	90	True	True
10.57202	4.360222	16.18312	23.0556	42.3412	11.90512	28.21318	63.00361	11.36599	23.91299	51.139	9.272248	12.58505	20.57363	90	True	True
10.57202	4.360222	16.18312	23.0556	42.3412	11.90512	28.21318	63.00361	11.36599	23.91299	51.139	9.272248	12.58505	20.57363	90	True	True
10.57202	4.360222	16.18312	23.0556	42.3412	11.90512	28.21318	63.00361	11.36599	23.91299	51.139	9.272248	12.58505	20.57363	90	True	True
8.936298	4.118938	16.43554	20.8039	35.91268	12.007	27.39953	56.64177	11.16142	23.52297	45.22699	9.467742	12.56275	20.74143	90	True	True
8.936298	4.118938	16.43554	20.8039	35.91268	12.007	27.39953	56.64177	11.16142	23.52297	45.22699	9.467742	12.56275	20.74143	90	True	True
10.68413	0.1834518	15.54713	22.99936	35.28925	11.03553	23.95925	39.77317	10.69907	18.85634	34.47651	10.2366	9.536194	14.61163	90	True	True
10.68413	0.1834518	15.54713	22.99936	35.28925	11.03553	23.95925	39.77317	10.69907	18.85634	34.47651	10.2366	9.536194	14.61163	90	True	True
11.95718	1.576319	14.82183	26.05081	40.52266	10.44841	25.8477	45.38377	9.854945	18.18559	34.06506	11.2122	5.72447	12.89314	90	True	True
11.95718	1.576319	14.82183	26.05081	40.52266	10.44841	25.8477	45.38377	9.854945	18.18559	34.06506	11.2122	5.72447	12.89314	90	True	True
9.60787	2.144112	14.99127	21.72301	31.94177	10.64088	23.51867	43.89594	10.53874	17.25681	35.36204	11.076	8.915466	18.19069	90	True	True
9.60787	2.144112	14.99127	21.72301	31.94177	10.64088	23.51867	43.89594	10.53874	17.25681	35.36204	11.076	8.915466	18.19069	90	True	True
12.1878	0.7488685	14.02143	19.80071	31.67271	10.60918	21.27404	43.95794	10.58616	18.62439	44.84516	11.0737	7.683628	20.01877	90	True	True
12.1878	0.7488685	14.02143	19.80071	31.67271	10.60918	21.27404	43.95794	10.58616	18.62439	44.84516	11.0737	7.683628	20.01877	90	True	True
10.43606	3.002763	14.09126	20.56799	36.07637	10.6802	23.74598	51.43102	10.68052	17.29081	41.02113	10.96844	8.962731	20.18464	90	True	True
10.43606	3.002763	14.09126	20.56799	36.07637	10.6802	23.74598	51.43102	10.68052	17.29081	41.02113	10.96844	8.962731	20.18464	90	True	True
11.45783	0.8134958	13.33468	17.28589	33.85157	10.06985	20.65651	55.24131	10.52932	19.10011	58.94006	10.88345	11.94129	28.77512	90	True	True
11.45783	0.8134958	13.33468	17.28589	33.85157	10.06985	20.65651	55.24131	10.52932	19.10011	58.94006	10.88345	11.94129	28.77512	90	True	True
11.56456	1.876806	13.92372	17.1468	35.49308	10.83505	22.85775	65.94926	10.78619	17.28731	55.571	10.50026	12.65142	27.78543	90	True	True
11.56456	1.876806	13.92372	17.1468	35.49308	10.83505	22.85775	65.94926	10.78619	17.28731	55.571	10.50026	12.65142	27.78543	90	True	True
11.66996	0.9181343	13.38841	15.30321	36.34149	10.02981	22.99212	79.08898	10.37679	20.4884	80.45352	10.40525	16.59623	40.81637	90	True	True
11.66996	0.9181343	13.38841	15.30321	36.34149	10.02981	22.99212	79.08898	10.37679	20.4884	80.45352	10.40525	16.59623	40.81637	90	True	True
11.64096	1.608147	13.4445	14.67112	35.48222	10.3609	21.75947	81.72163	10.49172	19.32358	84.82733	10.38321	15.54393	41.65041	90	True	True
11.64096	1.608147	13.4445	14.67112	35.48222	10.3609	21.75947	81.72163	10.49172	19.32358	84.82733	10.38321	15.54393	41.65041	90	True	True
12.22936	1.502976	13.31438	13.96438	37.43489	10.02585	22.01234	89.83198	10.22651	19.02774	94.88805	9.74864	19.11626	55.24964	90	True	True
12.22936	1.502976	13.31438	13.96438	37.43489	10.02585	22.01234	89.83198	10.22651	19.02774	94.88805	9.74864	19.11626	55.24964	90	True	True
11.63293	0.4352126	13.12504	14.85505	42.13312	10.25559	23.59052	91.35542	9.855341	19.59441	89.64999	9.176161	18.1392	48.57196	90	True	True
11.63293	0.4352126	13.12504	14.85505	42.13312	10.25559	23.59052	91.35542	9.855341	19.59441	89.64999	9.176161	18.1392	48.57196	90	True	True
11.63293	0.4352126	13.12504	14.85505	42.13312	10.25559	23.59052	91.35542	9.855341	19.59441	89.64999	9.176161	18.1392	48.57196	90	True	True
12.90646	0.5549594	13.55845	14.4209	39.18721	10.72696	24.56779	94.37204	10.57587	20.71145	99.96939	9.716429	20.77714	68.32172	90	True	True
12.90646	0.5549594	13.55845	14.4209	39.18721	10.72696	24.56779	94.37204	10.57587	20.71145	99.96939	9.716429	20.77714	68.32172	90	True	True
12.74321	1.552932	13.43775	15.13608	47.55656	10.85076	26.44968	102.3948	10.5375	19.88179	108.0368	9.700952	23.5465	76.41181	90	True	True
12.74321	1.552932	13.43775	15.13608	47.55656	10.85076	26.44968	102.3948	10.5375	19.88179	108.0368	9.700952	23.5465	76.41181	90	True	True
12.74321	1.552932	13.43775	15.13608	47.55656	10.85076	26.44968	102.3948	10.5375	19.88179	108.0368	9.700952	23.5465	76.41181	90	True	True
12.36392	1.96303	13.87116	14.501	49.6923	11.27733	25.08646	103.4512	10.94937	19.58221	108.9867	10.22826	22.16863	77.72034	90	True	True
12.36392	1.96303	13.87116	14.501	49.6923	11.27733	25.08646	103.4512	10.94937	19.58221	108.9867	10.22826	22.16863	77.72034	90	True	True
13.02724	1.48015	14.06125	20.83513	77.6701	11.18847	36.92106	107.6581	10.04036	25.03978	108.9229	8.829392	27.49971	79.24727	90	True	True
13.02724	1.48015	14.06125	20.83513	77.6701	11.18847	36.92106	107.6581	10.04036	25.03978	108.9229	8.829392	27.49971	79.24727	90	True	True
12.62653	0.9516158	14.27003	20.29158	79.24799	11.55148	34.69319	112.6538	10.67669	25.59897	120.8086	9.420887	27.43521	89.4475	90	True	True
12.62653	0.9516158	14.27003	20.29158	79.24799	11.55148	34.69319	112.6538	10.67669	25.59897	120.8086	9.420887	27.43521	89.4475	90	True	True
12.62653	0.9516158	14.27003	20.29158	79.24799	11.55148	34.69319	112.6538	10.67669	25.59897	120.8086	9.420887	27.43521	89.4475	90	True	True
12.01272	1.732908	14.37339	28.07151	95.62601	11.08822	44.30134	104.1025	8.846181	38.38772	110.1988	6.657228	35.67857	95.89214	90	True	True
12.01272	1.732908	14.37339	28.07151	95.62601	11.08822	44.30134	104.1025	8.846181	38.38772	110.1988	6.657228	35.67857	95.89214	90	True	True
12.01272	1.732908	14.37339	28.07151	95.62601	11.08822	44.30134	104.1025	8.846181	38.38772	110.1988	6.657228	35.67857	95.89214	90	True	True
12.36542	2.18426	14.00931	29.07872	96.36244	11.00779	46.58422	103.0388	9.553993	39.63106	110.7928	7.562023	36.56739	100.2432	90	True	True
12.36542	2.18426	14.00931	29.07872	96.36244	11.00779	46.58422	103.0388	9.553993	39.63106	110.7928	7.562023	36.56739	100.2432	90	True	True
13.43071	0.9067688	14.2849	21.82161	98.58483	11.37119	43.30887	108.7936	10.62512	34.29562	115.7442	8.872231	32.87402	98.24902	90	True	True
13.43071	0.9067688	14.2849	21.82161	98.58483	11.37119	43.30887	108.7936	10.62512	34.29562	115.7442	8.872231	32.87402	98.24902	90	True	True
13.43071	0.9067688	14.2849	21.82161	98.58483	11.37119	43.30887	108.7936	10.62512	34.29562	115.7442	8.872231	32.87402	98.24902	90	True	True
12.52063	1.986321	14.18843	26.33178	101.2406	11.553	44.60992	105.4451	10.47005	39.81192	111.6477	8.316185	33.80287	101.2456	90	True	True
12.52063	1.986321	14.18843	26.33178	101.2406	11.553	44.60992	105.4451	10.47005	39.81192	111.6477	8.316185	33.80287	101.2456	90	True	True
12.52063	1.986321	14.18843	26.33178	101.2406	11.553	44.60992	105.4451	10.47005	39.81192	111.6477	8.316185	33.80287	101.2456	90	True	True
13.39419	0.6268267	14.30196	25.9494	97.89765	11.19918	47.83193	104.9981	10.41745	40.28091	114.1714	8.203118	35.44793	101.2611	90	True	True
13.39419	0.6268267	14.30196	25.9494	97.89765	11.19918	47.83193	104.9981	10.41745	40.28091	114.1714	8.203118	35.44793	101.2611	90	True	True
12.45096	3.261586	14.25577	28.88406	102.8301	11.95274	47.1743	103.8075	10.54937	40.13177	111.9894	8.132208	34.95286	100.0572	90	True	True
12.45096	3.261586	14.25577	28.88406	102.8301	11.95274	47.1743	103.8075	10.54937	40.13177	111.9894	8.132208	34.95286	100.0572	90	True	True
12.23659	4.216911	13.88894	28.37758	100.8348	11.26445	45.49266	105.2402	10.46156	40.40681	111.1609	8.013662	34.33265	98.7764	90	True	True
12.23659	4.216911	13.88894	28.37758	100.8348	11.26445	45.49266	105.2402	10.46156	40.40681	111.1609	8.013662	34.33265	98.7764	90	True	True
13.19518	1.472732	14.0083	26.91545	89.56538	11.48381	44.70574	104.1669	10.94596	35.931	114.7022	8.954931	32.50552	98.58015	90	True	True
13.19518	1.472732	14.0083	26.91545	89.56538	11.48381	44.70574	104.1669	10.94596	35.931	114.7022	8.954931	32.50552	98.58015	90	True	True
10.98839	3.728361	13.15554	24.34313	98.52776	10.7319	43.15575	107.3243	10.66057	39.45186	110.3485	8.479359	31.29397	94.82204	90	True	True
10.98839	3.728361	13.15554	24.34313	98.52776	10.7319	43.15575	107.3243	10.66057	39.45186	110.3485	8.479359	31.29397	94.82204	90	True	True
12.49617	1.984354	13.51369	23.53162	88.90228	11.07736	42.55527	106.1085	10.62407	36.50328	111.4018	8.722063	31.74591	92.90574	90	True	True
12.49617	1.984354	13.51369	23.53162	88.90228	11.07736	42.55527	106.1085	10.62407	36.50328	111.4018	8.722063	31.74591	92.90574	90	True	True
8.955668	6.451325	12.71227	22.82187	103.3755	10.05185	45.14178	108.7317	10.33339	43.9061	110.2702	8.481326	32.21505	97.76174	90	True	True
8.955668	6.451325	12.71227	22.82187	103.3755	10.05185	45.14178	108.7317	10.33339	43.9061	110.2702	8.481326	32.21505	97.76174	90	True	True
10.67677	6.513849	14.08648	22.8939	101.228	10.52868	43.8889	110.5814	10.38224	38.6568	115.1306	8.390907	31.61877	96.00303	90	True	True
10.67677	6.513849	14.08648	22.8939	101.228	10.52868	43.8889	110.5814	10.38224	38.6568	115.1306	8.390907	31.61877	96.00303	90	True	True
11.34279	9.615273	12.23723	41.43785	109.2313	9.670489	87.07391	73.2262	9.932126	79.42795	82.35615	10.46365	48.8764	104.2048	90	True	True
11.34279	9.615273	12.23723	41.43785	109.2313	9.670489	87.07391	73.2262	9.932126	79.42795	82.35615	10.46365	48.8764	104.2048	90	True	True
11.54452	9.851625	12.62176	46.54741	104.8157	8.947991	86.93866	75.65384	9.149086	78.14149	85.4492	8.03433	53.28518	101.6756	90	True	True
11.54452	9.851625	12.62176	46.54741	104.8157	8.947991	86.93866	75.65384	9.149086	78.14149	85.4492	8.03433	53.28518	101.6756	90	True	True
12.35122	8.776458	11.43949	43.95721	106.3655	10.55152	119.5909	43.47015	12.80602	123.1966	43.95898	15.03171	78.3358	84.97949	90	True	True
12.35122	8.776458	11.43949	43.95721	106.3655	10.55152	119.5909	43.47015	12.80602	123.1966	43.95898	15.03171	78.3358	84.97949	90	True	True
11.96133	8.303823	12.57428	45.03012	106.3812	10.04256	118.6017	44.71287	11.83469	124.5311	43.72935	14.47684	100.3214	67.14371	90	True	True
11.96133	8.303823	12.57428	45.03012	106.3812	10.04256	118.6017	44.71287	11.83469	124.5311	43.72935	14.47684	100.3214	67.14371	90	True	True
10.6599	4.418715	9.454	112.8585	48.89031	9.499994	144.9348	23.15667	13.32975	144.4211	27.24955	17.69802	127.8307	42.89544	90	True	True
10.6599	4.418715	9.454	112.8585	48.89031	9.499994	144.9348	23.15667	13.32975	144.4211	27.24955	17.69802	127.8307	42.89544	90	True	True
10.6599	4.418715	9.454	112.8585	48.89031	9.499994	144.9348	23.15667	13.32975	144.4211	27.24955	17.69802	127.8307	42.89544	90	True	True
9.861201	8.700506	10.8677	95.56244	65.1072	8.69481	135.3575	32.37767	12.35851	140.199	31.83955	17.21191	122.9761	46.21781	90	True	True
9.861201	8.700506	10.8677	95.56244	65.1072	8.69481	135.3575	32.37767	12.35851	140.199	31.83955	17.21191	122.9761	46.21781	90	True	True
14.93453	3.536952	10.71021	105.6973	48.14527	9.444901	149.6736	16.27573	14.96476	155.961	16.24858	24.20636	147.9856	21.92228	90	True	True
14.93453	3.536952	10.71021	105.6973	48.14527	9.444901	149.6736	16.27573	14.96476	155.961	16.24858	24.20636	147.9856	21.92228	90	True	True
17.67203	11.38142	22.21022	129.4386	12.57598	15.79519	140.901	8.292321	7.046371	154.1155	5.970931	10.73881	158.0352	8.073946	90	True	True
17.67203	11.38142	22.21022	129.4386	12.57598	15.79519	140.901	8.292321	7.046371	154.1155	5.970931	10.73881	158.0352	8.073946	90	True	True
12.21467	14.72061	10.2965	138.1598	19.07647	8.974275	146.2363	17.78012	15.25932	150.2286	15.79399	22.05359	148.5802	20.33796	90	True	True
12.21467	14.72061	10.2965	138.1598	19.07647	8.974275	146.2363	17.78012	15.25932	150.2286	15.79399	22.05359	148.5802	20.33796	90	True	True
9.224027	17.1845	13.27106	137.5149	18.97695	11.72116	148.8434	16.94161	13.70275	154.0706	15.35782	18.66924	154.9613	15.66204	90	True	True
9.224027	17.1845	13.27106	137.5149	18.97695	11.72116	148.8434	16.94161	13.70275	154.0706	15.35782	18.66924	154.9613	15.66204	90	True	True
7.660829	16.22631	11.93231	72.99195	82.50624	5.251957	122.2283	47.47583	7.514253	136.8792	36.32036	11.94974	127.5927	49.32531	90	True	True
7.660829	16.22631	11.93231	72.99195	82.50624	5.251957	122.2283	47.47583	7.514253	136.8792	36.32036	11.94974	127.5927	49.32531	90	True	True
7.660829	16.22631	11.93231	72.99195	82.50624	5.251957	122.2283	47.47583	7.514253	136.8792	36.32036	11.94974	127.5927	49.32531	90	True	True
7.161788	13.76004	12.91098	101.1222	52.64851	7.441703	141.7415	26.52722	7.003819	151.9158	23.14018	11.22747	151.7201	26.5152	90	True	True
7.161788	13.76004	12.91098	101.1222	52.64851	7.441703	141.7415	26.52722	7.003819	151.9158	23.14018	11.22747	151.7201	26.5152	90	True	True
10.16484	1.317591	12.77275	41.00879	107.9643	8.782441	80.58262	83.17883	8.111007	98.6926	67.9549	6.896052	22.70539	79.74639	90	True	True
10.16484	1.317591	12.77275	41.00879	107.9643	8.782441	80.58262	83.17883	8.111007	98.6926	67.9549	6.896052	22.70539	79.74639	90	True	True
9.71367	1.547372	12.44174	48.67288	98.99668	8.313426	88.26206	72.75648	7.247602	102.3973	60.84261	6.215765	26.18899	79.03542	90	True	True
9.71367	1.547372	12.44174	48.67288	98.99668	8.313426	88.26206	72.75648	7.247602	102.3973	60.84261	6.215765	26.18899	79.03542	90	True	True
10.2219	0.85934	12.88431	24.41041	106.4842	9.948669	42.53146	108.4272	8.323384	47.69601	99.62566	6.844375	19.88508	31.0012	90	True	True
10.2219	0.85934	12.88431	24.41041	106.4842	9.948669	42.53146	108.4272	8.323384	47.69601	99.62566	6.844375	19.88508	31.0012	90	True	True
10.2219	0.85934	12.88431	24.41041	106.4842	9.948669	42.53146	108.4272	8.323384	47.69601	99.62566	6.844375	19.88508	31.0012	90	True	True
8.7147	1.849704	13.3983	12.73067	52.20618	10.26036	21.08669	107.115	8.654403	20.96265	97.2001	7.371925	20.15053	44.59915	90	True	True
8.7147	1.849704	13.3983	12.73067	52.20618	10.26036	21.08669	107.115	8.654403	20.96265	97.2001	7.371925	20.15053	44.59915	90	True	True
9.736073	4.306891	12.59024	13.74466	67.99229	9.643223	23.23981	112.0168	8.029277	22.25502	94.53809	6.361864	20.07635	40.9883	90	True	True
9.736073	4.306891	12.59024	13.74466	67.99229	9.643223	23.23981	112.0168	8.029277	22.25502	94.53809	6.361864	20.07635	40.9883	90	True	True
9.913616	1.52251	13.22122	18.41933	66.20884	10.63876	27.11194	106.9346	8.857314	20.20946	109.7713	7.381338	23.25496	73.71407	90	True	True
9.913616	1.52251	13.22122	18.41933	66.20884	10.63876	27.11194	106.9346	8.857314	20.20946	109.7713	7.381338	23.25496	73.71407	90	True	True
10.23448	3.542375	13.57835	16.87172	88.05332	10.15722	30.39495	114.6489	8.408421	22.12027	111.5173	7.583948	25.4025	75.65894	90	True	True
10.23448	3.542375	13.57835	16.87172	88.05332	10.15722	30.39495	114.6489	8.408421	22.12027	111.5173	7.583948	25.4025	75.65894	90	True	True
9.320661	1.869798	14.07025	28.83116	117.4349	10.84949	49.12333	109.0814	7.89326	38.61823	116.7724	5.946397	35.01624	102.705	90	True	True
9.320661	1.869798	14.07025	28.83116	117.4349	10.84949	49.12333	109.0814	7.89326	38.61823	116.7724	5.946397	35.01624	102.705	90	True	True
9.715774	2.518707	14.08477	35.50185	111.4369	11.2187	51.52801	104.2804	7.305618	39.39916	113.7223	6.933441	37.26462	101.0388	90	True	True
9.715774	2.518707	14.08477	35.50185	111.4369	11.2187	51.52801	104.2804	7.305618	39.39916	113.7223	6.933441	37.26462	101.0388	90	True	True
9.726838	2.68132	12.47222	63.01872	89.90845	9.925091	81.84322	77.45972	6.066308	55.92506	103.1292	4.710938	39.70895	98.9986	90	True	True
9.726838	2.68132	12.47222	63.01872	89.90845	9.925091	81.84322	77.45972	6.066308	55.92506	103.1292	4.710938	39.70895	98.9986	90	True	True
8.505327	3.557989	13.11771	54.98024	97.69366	10.41797	79.07103	80.27189	6.943112	53.3068	104.9596	4.914574	40.06363	101.871	90	True	True
8.505327	3.557989	13.11771	54.98024	97.69366	10.41797	79.07103	80.27189	6.943112	53.3068	104.9596	4.914574	40.06363	101.871	90	True	True
7.289458	2.385314	11.61787	86.08691	71.37269	8.862287	106.3062	57.34917	5.945796	85.79796	78.29005	2.609398	43.4993	98.52997	90	True	True
7.289458	2.385314	11.61787	86.08691	71.37269	8.862287	106.3062	57.34917	5.945796	85.79796	78.29005	2.609398	43.4993	98.52997	90	True	True
8.252733	0.5726633	11.76447	94.07306	63.73615	9.025869	109.3775	54.89499	5.85591	96.91112	68.86745	2.705226	48.76596	97.20959	90	True	True
8.252733	0.5726633	11.76447	94.07306	63.73615	9.025869	109.3775	54.89499	5.85591	96.91112	68.86745	2.705226	48.76596	97.20959	90	True	True
9.353404	2.043148	11.7506	107.2297	51.97926	8.090079	123.4365	42.53694	6.14592	105.3244	61.06123	1.620756	45.52225	104.8856	90	True	True
9.353404	2.043148	11.7506	107.2297	51.97926	8.090079	123.4365	42.53694	6.14592	105.3244	61.06123	1.620756	45.52225	104.8856	90	True	True
9.03576	0.9043919	11.71778	106.2122	52.84489	8.154734	121.482	44.66263	5.505481	109.4436	57.68266	1.780924	49.22241	98.70682	90	True	True
9.03576	0.9043919	11.71778	106.2122	52.84489	8.154734	121.482	44.66263	5.505481	109.4436	57.68266	1.780924	49.22241	98.70682	90	True	True
9.000475	0.9373271	11.52588	117.6745	43.04538	7.402388	131.9757	36.28138	5.472955	121.1414	48.02171	0.9616426	52.31192	99.71191	90	True	True
9.000475	0.9373271	11.52588	117.6745	43.04538	7.402388	131.9757	36.28138	5.472955	121.1414	48.02171	0.9616426	52.31192	99.71191	90	True	True
9.000475	0.9373271	11.52588	117.6745	43.04538	7.402388	131.9757	36.28138	5.472955	121.1414	48.02171	0.9616426	52.31192	99.71191	90	True	True
9.2162	2.395149	11.52364	120.0871	41.51767	7.772516	133.5179	34.80563	5.592853	124.6907	44.24212	1.315815	50.75207	101.0648	90	True	True
10.57867	3.012202	10.99242	131.6143	31.13557	6.728467	146.9208	23.46097	6.498904	144.1591	27.89083	0.8285085	58.78738	91.18582	90	True	True
10.57867	3.012202	10.99242	131.6143	31.13557	6.728467	146.9208	23.46097	6.498904	144.1591	27.89083	0.8285085	58.78738	91.18582	90	True	True
10.57867	3.012202	10.99242	131.6143	31.13557	6.728467	146.9208	23.46097	6.498904	144.1591	27.89083	0.8285085	58.78738	91.18582	90	True	True
9.40377	0.6620432	11.66204	129.321	32.93817	7.819084	144.6057	25.1097	6.891613	139.622	32.12251	1.249453	53.97667	102.1548	90	True	True
9.40377	0.6620432	11.66204	129.321	32.93817	7.819084	144.6057	25.1097	6.891613	139.622	32.12251	1.249453	53.97667	102.1548	90	True	True
10.77156	3.659171	11.3831	144.4927	19.82603	8.82024	156.6358	15.64608	9.061482	154.1931	20.12842	4.405848	87.54113	72.93914	90	True	True
10.77156	3.659171	11.3831	144.4927	19.82603	8.82024	156.6358	15.64608	9.061482	154.1931	20.12842	4.405848	87.54113	72.93914	90	True	True
10.77156	3.659171	11.3831	144.4927	19.82603	8.82024	156.6358	15.64608	9.061482	154.1931	20.12842	4.405848	87.54113	72.93914	90	True	True
10.74873	3.204117	11.54062	147.2987	15.66398	9.351656	157.2915	13.7487	9.105837	156.9522	17.3728	4.93725	96.85806	69.05221	90	True	True
10.74873	3.204117	11.54062	147.2987	15.66398	9.351656	157.2915	13.7487	9.105837	156.9522	17.3728	4.93725	96.85806	69.05221	90	True	True
8.224566	0.9745789	11.47572	148.1108	15.7716	9.386613	157.3399	13.31366	8.988276	157.0647	17.32466	3.879131	84.4729	79.62958	90	True	True
8.224566	0.9745789	11.47572	148.1108	15.7716	9.386613	157.3399	13.31366	8.988276	157.0647	17.32466	3.879131	84.4729	79.62958	90	True	True
9.251402	2.502328	10.88218	147.1757	15.62346	9.695856	155.6278	14.12383	8.983713	156.7701	16.3875	3.559969	86.74004	72.41678	90	True	True
9.251402	2.502328	10.88218	147.1757	15.62346	9.695856	155.6278	14.12383	8.983713	156.7701	16.3875	3.559969	86.74004	72.41678	90	True	True
6.952115	2.982286	11.69012	145.954	17.47644	10.51553	155.0491	15.00282	9.209014	154.9309	18.99819	3.144721	80.38428	81.18012	90	True	True
6.952115	2.982286	11.69012	145.954	17.47644	10.51553	155.0491	15.00282	9.209014	154.9309	18.99819	3.144721	80.38428	81.18012	90	True	True
7.765986	3.73082	9.401913	148.017	18.03258	8.303919	156.01	15.9759	8.561786	155.9216	17.75635	3.749466	78.13098	79.2958	90	True	True
7.765986	3.73082	9.401913	148.017	18.03258	8.303919	156.01	15.9759	8.561786	155.9216	17.75635	3.749466	78.13098	79.2958	90	True	True
5.804684	2.001635	10.45152	148.0262	16.37403	10.01735	156.202	13.67269	8.760626	156.6583	15.73898	1.318779	65.30603	87.50807	90	True	True
5.804684	2.001635	10.45152	148.0262	16.37403	10.01735	156.202	13.67269	8.760626	156.6583	15.73898	1.318779	65.30603	87.50807	90	True	True
8.014031	0.7512181	9.933642	144.1662	21.07196	7.21673	153.6952	17.31034	6.777835	155.1508	17.0864	1.042293	59.29075	92.19732	90	True	True
8.014031	0.7512181	9.933642	144.1662	21.07196	7.21673	153.6952	17.31034	6.777835	155.1508	17.0864	1.042293	59.29075	92.19732	90	True	True
7.37881	1.054055	9.732999	145.3561	19.79993	7.675364	156.2219	14.30585	7.205842	157.9852	14.3818	0.8915238	57.17978	94.06947	90	True	True
7.37881	1.054055	9.732999	145.3561	19.79993	7.675364	156.2219	14.30585	7.205842	157.9852	14.3818	0.8915238	57.17978	94.06947	90	True	True
7.020567	3.503416	10.19266	151.1875	14.76272	9.402308	159.3352	11.7038	9.345822	160.5721	13.38908	2.033654	71.53288	82.40277	90	True	True
7.020567	3.503416	10.19266	151.1875	14.76272	9.402308	159.3352	11.7038	9.345822	160.5721	13.38908	2.033654	71.53288	82.40277	90	True	True
6.715626	0.7091441	9.554239	152.4326	13.55989	8.838599	159.6602	11.37514	8.30191	160.0207	13.72712	0.9352371	74.86443	78.37512	90	True	True
6.715626	0.7091441	9.554239	152.4326	13.55989	8.838599	159.6602	11.37514	8.30191	160.0207	13.72712	0.9352371	74.86443	78.37512	90	True	True
4.479026	4.472729	10.33208	152.7252	13.05011	9.95013	158.7237	11.9364	8.598778	161.0982	14.16572	2.288407	76.91389	80.89661	90	True	True
4.479026	4.472729	10.33208	152.7252	13.05011	9.95013	158.7237	11.9364	8.598778	161.0982	14.16572	2.288407	76.91389	80.89661	90	True	True
5.889856	4.421775	9.967206	152.4471	12.66745	9.091357	159.3709	11.2605	8.911423	161.0078	14.01222	1.967811	87.35799	73.82	90	True	True
5.889856	4.421775	9.967206	152.4471	12.66745	9.091357	159.3709	11.2605	8.911423	161.0078	14.01222	1.967811	87.35799	73.82	90	True	True
4.344335	0.8221018	10.10223	151.2916	13.78549	9.625957	157.0003	12.06107	8.687994	160.1614	13.54416	2.22061	75.56825	79.9333	90	True	True
4.344335	0.8221018	10.10223	151.2916	13.78549	9.625957	157.0003	12.06107	8.687994	160.1614	13.54416	2.22061	75.56825	79.9333	90	True	True
6.388925	2.616666	10.34815	150.2264	13.79147	9.239627	157.2563	11.71545	8.908472	159.7571	14.16631	2.505689	83.03014	75.23399	90	True	True
6.388925	2.616666	10.34815	150.2264	13.79147	9.239627	157.2563	11.71545	8.908472	159.7571	14.16631	2.505689	83.03014	75.23399	90	True	True
6.388925	2.616666	10.34815	150.2264	13.79147	9.239627	157.2563	11.71545	8.908472	159.7571	14.16631	2.505689	83.03014	75.23399	90	True	True
3.809913	1.233211	10.39989	151.799	12.94716	9.528995	157.6417	11.69584	8.474332	159.9481	13.34956	1.004044	74.74113	84.16457	90	True	True
3.809913	1.233211	10.39989	151.799	12.94716	9.528995	157.6417	11.69584	8.474332	159.9481	13.34956	1.004044	74.74113	84.16457	90	True	True
6.234385	2.474571	10.49298	147.5569	15.43699	8.525558	156.1143	12.27085	7.969499	158.7882	14.33478	1.40555	70.41248	86.75832	90	True	True
6.234385	2.474571	10.49298	147.5569	15.43699	8.525558	156.1143	12.27085	7.969499	158.7882	14.33478	1.40555	70.41248	86.75832	90	True	True
3.902941	1.246147	9.547437	152.5279	13.38848	9.183114	157.998	11.91302	8.425291	159.4011	13.65926	1.206901	72.88383	80.66931	90	True	True
3.902941	1.246147	9.547437	152.5279	13.38848	9.183114	157.998	11.91302	8.425291	159.4011	13.65926	1.206901	72.88383	80.66931	90	True	True
5.474786	2.370342	9.393251	150.2602	15.60569	7.900527	158.4091	12.34751	7.581885	160.8369	12.92527	2.079048	75.0881	77.63917	90	True	True
5.474786	2.370342	9.393251	150.2602	15.60569	7.900527	158.4091	12.34751	7.581885	160.8369	12.92527	2.079048	75.0881	77.63917	90	True	True
6.153871	0.6620432	9.898781	149.8367	14.58616	8.049863	157.9984	11.21667	7.101996	161.4514	12.10783	1.847272	78.03376	76.43991	90	True	True
6.153871	0.6620432	9.898781	149.8367	14.58616	8.049863	157.9984	11.21667	7.101996	161.4514	12.10783	1.847272	78.03376	76.43991	90	True	True
6.153871	0.6620432	9.898781	149.8367	14.58616	8.049863	157.9984	11.21667	7.101996	161.4514	12.10783	1.847272	78.03376	76.43991	90	True	True
5.317172	0.8050263	10.54986	150.1853	13.16953	9.29528	157.5493	10.87309	7.869505	161.5605	11.51116	2.951878	77.79395	80.67693	90	True	True
5.317172	0.8050263	10.54986	150.1853	13.16953	9.29528	157.5493	10.87309	7.869505	161.5605	11.51116	2.951878	77.79395	80.67693	90	True	True
5.7207	1.069355	10.28922	150.1594	13.80566	8.921517	158.2465	10.4638	7.601679	162.6774	10.98955	2.387035	83.21726	73.14854	90	True	True
5.7207	1.069355	10.28922	150.1594	13.80566	8.921517	158.2465	10.4638	7.601679	162.6774	10.98955	2.387035	83.21726	73.14854	90	True	True
5.770069	1.992523	10.49092	148.6507	14.7906	8.939904	157.1859	11.50251	7.140396	161.1808	11.95969	3.439621	73.91095	86.14005	90	True	True
5.770069	1.992523	10.49092	148.6507	14.7906	8.939904	157.1859	11.50251	7.140396	161.1808	11.95969	3.439621	73.91095	86.14005	90	True	True
6.034711	0.4256639	10.45189	147.2211	16.20921	8.290285	157.1901	12.02398	6.947347	161.8155	11.89583	3.567264	71.53032	86.09956	90	True	True
6.034711	0.4256639	10.45189	147.2211	16.20921	8.290285	157.1901	12.02398	6.947347	161.8155	11.89583	3.567264	71.53032	86.09956	90	True	True
5.761872	0.8650227	10.85348	148.09	14.76776	8.319587	157.9352	11.10472	6.737551	162.9863	11.01815	3.100271	83.21667	80.31436	90	True	True
5.761872	0.8650227	10.85348	148.09	14.76776	8.319587	157.9352	11.10472	6.737551	162.9863	11.01815	3.100271	83.21667	80.31436	90	True	True
5.675088	0.7110702	11.30838	145.4421	16.58063	9.051168	156.9809	11.38424	6.976089	163.4791	10.25205	3.548891	68.65961	88.82864	90	True	True
5.675088	0.7110702	11.30838	145.4421	16.58063	9.051168	156.9809	11.38424	6.976089	163.4791	10.25205	3.548891	68.65961	88.82864	90	True	True
5.901399	1.205439	11.37666	147.1052	15.41813	8.843339	158.0023	10.81945	6.967004	164.1391	10.20301	3.275601	82.42636	78.35932	90	True	True
5.901399	1.205439	11.37666	147.1052	15.41813	8.843339	158.0023	10.81945	6.967004	164.1391	10.20301	3.275601	82.42636	78.35932	90	True	True
6.171711	1.490818	11.55845	145.0599	16.71256	9.375398	157.4817	10.76068	6.976171	164.8912	9.333679	3.663023	73.02122	83.30731	90	True	True
6.171711	1.490818	11.55845	145.0599	16.71256	9.375398	157.4817	10.76068	6.976171	164.8912	9.333679	3.663023	73.02122	83.30731	90	True	True
5.905183	0.8303936	11.74159	146.8385	15.2182	9.644288	157.5232	10.96526	7.363565	164.0134	10.45821	3.712351	75.70052	80.2182	90	True	True
5.905183	0.8303936	11.74159	146.8385	15.2182	9.644288	157.5232	10.96526	7.363565	164.0134	10.45821	3.712351	75.70052	80.2182	90	True	True
6.418267	1.07792	11.5208	146.298	15.19121	9.461759	157.2599	10.58549	7.04394	164.2043	9.540196	4.387624	71.65716	83.55254	90	True	True
6.418267	1.07792	11.5208	146.298	15.19121	9.461759	157.2599	10.58549	7.04394	164.2043	9.540196	4.387624	71.65716	83.55254	90	True	True
5.725836	2.332544	11.91621	144.1907	17.52493	9.173839	156.3015	12.49047	8.04888	161.3331	12.41771	3.696396	74.03098	85.60463	90	True	True
5.725836	2.332544	11.91621	144.1907	17.52493	9.173839	156.3015	12.49047	8.04888	161.3331	12.41771	3.696396	74.03098	85.60463	90	True	True
6.320582	2.281044	11.4838	142.5499	18.7561	8.924509	155.0885	12.78108	7.155326	160.2929	12.33519	3.803848	62.08525	94.05964	90	True	True
6.320582	2.281044	11.4838	142.5499	18.7561	8.924509	155.0885	12.78108	7.155326	160.2929	12.33519	3.803848	62.08525	94.05964	90	True	True
5.444487	2.457577	11.90205	142.841	19.16479	8.719221	155.6108	13.59846	7.90274	159.4995	13.79113	3.67055	73.94921	85.0933	90	True	True
5.444487	2.457577	11.90205	142.841	19.16479	8.719221	155.6108	13.59846	7.90274	159.4995	13.79113	3.67055	73.94921	85.0933	90	True	True
5.444487	2.457577	11.90205	142.841	19.16479	8.719221	155.6108	13.59846	7.90274	159.4995	13.79113	3.67055	73.94921	85.0933	90	True	True
6.649182	2.844412	11.84006	140.3286	20.5231	9.864057	154.1353	12.936	7.881539	161.6613	10.8982	4.440818	59.49716	93.80664	90	True	True
6.649182	2.844412	11.84006	140.3286	20.5231	9.864057	154.1353	12.936	7.881539	161.6613	10.8982	4.440818	59.49716	93.80664	90	True	True
6.421559	2.194901	12.29989	143.0259	18.61263	9.718219	156.8247	12.09273	8.018116	162.1165	12.20486	4.129198	82.87309	75.77771	90	True	True
6.421559	2.194901	12.29989	143.0259	18.61263	9.718219	156.8247	12.09273	8.018116	162.1165	12.20486	4.129198	82.87309	75.77771	90	True	True
6.654523	2.963393	12.22274	141.4627	18.85809	10.35229	154.4706	12.13473	7.990153	162.9505	9.919764	4.959899	62.99205	92.33829	90	True	True
6.654523	2.963393	12.22274	141.4627	18.85809	10.35229	154.4706	12.13473	7.990153	162.9505	9.919764	4.959899	62.99205	92.33829	90	True	True
6.975269	3.027761	12.20002	145.4897	15.61172	9.740143	157.4648	10.66598	8.032459	164.5273	10.05694	4.079952	83.95423	74.17551	90	True	True
6.975269	3.027761	12.20002	145.4897	15.61172	9.740143	157.4648	10.66598	8.032459	164.5273	10.05694	4.079952	83.95423	74.17551	90	True	True
7.970974	2.385396	11.07027	141.8338	19.98549	8.67059	156.2069	12.10948	7.658452	161.9354	11.36186	5.127621	65.49789	96.48906	90	True	True
7.970974	2.385396	11.07027	141.8338	19.98549	8.67059	156.2069	12.10948	7.658452	161.9354	11.36186	5.127621	65.49789	96.48906	90	True	True
6.797424	4.493738	11.8383	141.7607	19.46733	9.346807	155.1808	12.60436	7.806394	161.2279	11.22594	4.238494	51.43554	100.8079	90	True	True
6.797424	4.493738	11.8383	141.7607	19.46733	9.346807	155.1808	12.60436	7.806394	161.2279	11.22594	4.238494	51.43554	100.8079	90	True	True
8.43626	3.642929	11.39768	142.5814	18.87749	8.806921	156.7888	11.43597	7.660952	162.9363	10.69302	4.865137	74.78465	88.63975	90	True	True
8.43626	3.642929	11.39768	142.5814	18.87749	8.806921	156.7888	11.43597	7.660952	162.9363	10.69302	4.865137	74.78465	88.63975	90	True	True
7.145778	3.691724	11.76618	142.1125	19.42312	9.03953	155.0553	13.02917	7.60284	160.1035	12.53168	4.203469	52.69427	99.48303	90	True	True
7.145778	3.691724	11.76618	142.1125	19.42312	9.03953	155.0553	13.02917	7.60284	160.1035	12.53168	4.203469	52.69427	99.48303	90	True	True
8.931667	5.146773	11.33182	145.013	17.16818	8.796717	158.622	10.04689	7.674134	164.877	9.690201	4.920202	84.31258	79.62248	90	True	True
8.931667	5.146773	11.33182	145.013	17.16818	8.796717	158.622	10.04689	7.674134	164.877	9.690201	4.920202	84.31258	79.62248	90	True	True
7.740933	4.490774	11.76057	144.7924	17.40826	9.289227	156.7657	11.83205	7.996027	163.9307	9.984636	3.804572	64.63716	89.73077	90	True	True
7.740933	4.490774	11.76057	144.7924	17.40826	9.289227	156.7657	11.83205	7.996027	163.9307	9.984636	3.804572	64.63716	89.73077	90	True	True
8.479058	5.408451	11.43227	145.5611	17.27182	9.171298	158.8661	9.907101	7.794578	165.7507	9.398429	3.909757	77.16546	82.10674	90	True	True
8.479058	5.408451	11.43227	145.5611	17.27182	9.171298	158.8661	9.907101	7.794578	165.7507	9.398429	3.909757	77.16546	82.10674	90	True	True
8.479058	5.408451	11.43227	145.5611	17.27182	9.171298	158.8661	9.907101	7.794578	165.7507	9.398429	3.909757	77.16546	82.10674	90	True	True
8.109121	3.144544	11.81017	145.6883	16.52236	9.484544	158.2793	10.60068	8.700998	165.511	9.477755	4.304023	77.54238	80.49582	90	True	True
8.109121	3.144544	11.81017	145.6883	16.52236	9.484544	158.2793	10.60068	8.700998	165.511	9.477755	4.304023	77.54238	80.49582	90	True	True
7.271221	5.741149	11.62543	147.4969	15.72447	9.87519	159.0678	9.398388	7.780562	166.7513	8.111498	3.622233	67.91387	88.68748	90	True	True
7.7067	4.163062	11.98684	146.7831	15.35334	9.556084	158.5598	10.32598	8.486366	165.6856	9.468425	4.15563	82.4856	77.03778	90	True	True
7.7067	4.163062	11.98684	146.7831	15.35334	9.556084	158.5598	10.32598	8.486366	165.6856	9.468425	4.15563	82.4856	77.03778	90	True	True
7.7067	4.163062	11.98684	146.7831	15.35334	9.556084	158.5598	10.32598	8.486366	165.6856	9.468425	4.15563	82.4856	77.03778	90	True	True
6.801468	5.338619	11.74125	148.4854	13.98386	9.780783	158.8543	9.344184	7.999975	166.6889	8.027268	3.250343	69.62939	84.84517	90	True	True
6.801468	5.338619	11.74125	148.4854	13.98386	9.780783	158.8543	9.344184	7.999975	166.6889	8.027268	3.250343	69.62939	84.84517	90	True	True
7.935635	4.44493	11.58658	148.5069	14.10713	9.537259	159.3701	9.443057	8.006286	166.4453	8.534738	3.547129	78.0592	78.40574	90	True	True
7.935635	4.44493	11.58658	148.5069	14.10713	9.537259	159.3701	9.443057	8.006286	166.4453	8.534738	3.547129	78.0592	78.40574	90	True	True
7.71558	3.923554	11.51646	149.2347	13.77541	9.791725	159.2269	9.573924	8.111621	165.944	8.840867	3.823929	75.17425	81.09845	90	True	True
7.71558	3.923554	11.51646	149.2347	13.77541	9.791725	159.2269	9.573924	8.111621	165.944	8.840867	3.823929	75.17425	81.09845	90	True	True
8.194553	3.387958	11.77624	148.6669	13.91624	9.699312	159.3408	9.826013	8.522006	165.6273	9.458166	3.976502	84.14265	73.61278	90	True	True
8.194553	3.387958	11.77624	148.6669	13.91624	9.699312	159.3408	9.826013	8.522006	165.6273	9.458166	3.976502	84.14265	73.61278	90	True	True
8.352604	5.201687	11.62074	146.5292	15.5986	9.378485	158.4702	9.630437	7.840176	164.8283	9.725622	3.497992	78.19112	79.67131	90	True	True
8.352604	5.201687	11.62074	146.5292	15.5986	9.378485	158.4702	9.630437	7.840176	164.8283	9.725622	3.497992	78.19112	79.67131	90	True	True
8.174322	2.500525	11.97187	149.1245	13.90396	9.899997	159.5163	9.945404	8.525503	166.0628	9.688479	3.851168	89.78175	68.42062	90	True	True
8.174322	2.500525	11.97187	149.1245	13.90396	9.899997	159.5163	9.945404	8.525503	166.0628	9.688479	3.851168	89.78175	68.42062	90	True	True
9.688193	3.556664	11.38592	144.9722	17.08853	8.466122	156.2605	11.33887	7.294977	160.506	11.99342	4.152652	74.66251	84.74288	90	True	True
9.688193	3.556664	11.38592	144.9722	17.08853	8.466122	156.2605	11.33887	7.294977	160.506	11.99342	4.152652	74.66251	84.74288	90	True	True
8.931354	1.947225	12.0694	146.8492	14.58093	8.890195	157.8175	9.65661	7.490798	163.4807	9.780619	4.362599	76.95861	82.71096	90	True	True
8.931354	1.947225	12.0694	146.8492	14.58093	8.890195	157.8175	9.65661	7.490798	163.4807	9.780619	4.362599	76.95861	82.71096	90	True	True
9.91124	2.755264	11.16369	147.6032	15.9417	8.815882	155.7926	11.85444	7.363565	156.1599	14.98035	1.195344	68.08289	82.6608	90	True	True
9.91124	2.755264	11.16369	147.6032	15.9417	8.815882	155.7926	11.85444	7.363565	156.1599	14.98035	1.195344	68.08289	82.6608	90	True	True
9.732753	2.53025	11.06303	148.5626	14.73705	8.911587	156.7133	10.58072	7.372718	156.8066	14.23826	1.769012	67.91553	82.94844	90	True	True
9.732753	2.53025	11.06303	148.5626	14.73705	8.911587	156.7133	10.58072	7.372718	156.8066	14.23826	1.769012	67.91553	82.94844	90	True	True
9.062753	2.051372	10.49111	146.895	18.37944	8.322086	157.3967	13.5531	6.445396	157.0248	18.80099	1.128299	82.92595	72.53492	90	True	True
9.062753	2.051372	10.49111	146.895	18.37944	8.322086	157.3967	13.5531	6.445396	157.0248	18.80099	1.128299	82.92595	72.53492	90	True	True
10.32198	3.560898	10.64189	150.1666	14.68666	9.341247	157.8138	10.55764	7.601215	159.5023	13.31465	1.063303	76.56055	75.18535	90	True	True
10.32198	3.560898	10.64189	150.1666	14.68666	9.341247	157.8138	10.55764	7.601215	159.5023	13.31465	1.063303	76.56055	75.18535	90	True	True
9.264653	2.268394	10.76641	151.5375	13.63454	8.709085	159.5212	11.14865	6.870808	159.9665	16.07562	1.421342	98.19699	60.7697	90	True	True
9.264653	2.268394	10.76641	151.5375	13.63454	8.709085	159.5212	11.14865	6.870808	159.9665	16.07562	1.421342	98.19699	60.7697	90	True	True
10.72757	2.537982	10.30284	154.5506	11.76191	9.595876	160.3524	9.151217	7.944104	162.448	12.05305	1.598995	92.91538	62.98968	90	True	True
10.72757	2.537982	10.30284	154.5506	11.76191	9.595876	160.3524	9.151217	7.944104	162.448	12.05305	1.598995	92.91538	62.98968	90	True	True
10.53943	1.419825	10.32008	155.6612	10.51764	8.728797	162.1928	8.745272	7.655706	164.9612	12.07679	3.187697	116.1922	45.36459	90	True	True
10.53943	1.419825	10.32008	155.6612	10.51764	8.728797	162.1928	8.745272	7.655706	164.9612	12.07679	3.187697	116.1922	45.36459	90	True	True
11.02923	1.580034	10.26549	155.5255	11.56021	9.882717	161.3264	8.852614	8.597384	163.5539	11.67272	2.307654	104.4852	53.4199	90	True	True
11.02923	1.580034	10.26549	155.5255	11.56021	9.882717	161.3264	8.852614	8.597384	163.5539	11.67272	2.307654	104.4852	53.4199	90	True	True
11.48806	1.438581	10.26209	155.7024	11.26112	9.567654	160.7193	9.084909	8.186043	162.2603	12.81034	3.176564	105.2343	53.93909	90	True	True
11.48806	1.438581	10.26209	155.7024	11.26112	9.567654	160.7193	9.084909	8.186043	162.2603	12.81034	3.176564	105.2343	53.93909	90	True	True
11.51342	1.269793	10.25312	155.8804	11.01519	9.465187	160.9895	8.8748	8.011477	162.4861	12.6742	2.917454	108.6354	50.28818	90	True	True
11.51342	1.269793	10.25312	155.8804	11.01519	9.465187	160.9895	8.8748	8.011477	162.4861	12.6742	2.917454	108.6354	50.28818	90	True	True
11.18018	1.243798	10.04455	155.628	11.35159	9.338432	160.9362	8.972307	8.115733	162.579	12.82908	4.057767	111.6123	50.16974	90	True	True
11.18018	1.243798	10.04455	155.628	11.35159	9.338432	160.9362	8.972307	8.115733	162.579	12.82908	4.057767	111.6123	50.16974	90	True	True
10.32024	3.033184	10.41913	156.1982	10.47461	9.417745	161.3309	8.691997	8.079027	162.8183	12.87711	3.778126	119.6506	42.23523	90	True	True
10.32024	3.033184	10.41913	156.1982	10.47461	9.417745	161.3309	8.691997	8.079027	162.8183	12.87711	3.778126	119.6506	42.23523	90	True	True
10.11489	0.8285085	10.36259	154.8949	11.84506	9.434957	160.624	9.155424	8.342372	162.9941	12.93391	4.649371	112.6383	50.08682	90	True	True
10.11489	0.8285085	10.36259	154.8949	11.84506	9.434957	160.624	9.155424	8.342372	162.9941	12.93391	4.649371	112.6383	50.08682	90	True	True
10.37613	2.414191	10.77645	155.6977	10.63579	9.362694	161.4051	8.690753	8.116716	162.9386	12.75493	3.922611	115.476	44.98292	90	True	True
10.37613	2.414191	10.77645	155.6977	10.63579	9.362694	161.4051	8.690753	8.116716	162.9386	12.75493	3.922611	115.476	44.98292	90	True	True
9.981536	1.472322	10.56515	155.2681	12.05823	9.05319	160.9225	9.189985	8.276257	162.8602	12.97697	5.01872	115.3247	46.32312	90	True	True
9.981536	1.472322	10.56515	155.2681	12.05823	9.05319	160.9225	9.189985	8.276257	162.8602	12.97697	5.01872	115.3247	46.32312	90	True	True
9.667019	3.762539	10.29254	157.2105	11.01542	8.58707	162.4291	8.975722	7.976957	163.4448	12.95356	4.6141	120.2836	41.30062	90	True	True
9.667019	3.762539	10.29254	157.2105	11.01542	8.58707	162.4291	8.975722	7.976957	163.4448	12.95356	4.6141	120.2836	41.30062	90	True	True
9.876132	2.570015	10.24528	157.3182	11.60785	9.036812	161.8508	9.972274	8.453814	163.2629	13.69197	5.279074	129.6811	32.74563	90	True	True
9.876132	2.570015	10.24528	157.3182	11.60785	9.036812	161.8508	9.972274	8.453814	163.2629	13.69197	5.279074	129.6811	32.74563	90	True	True
9.597037	2.93778	10.45511	156.5297	11.51948	8.814475	161.6327	9.319937	7.881048	162.8406	13.39002	4.675326	123.7625	37.74206	90	True	True
9.597037	2.93778	10.45511	156.5297	11.51948	8.814475	161.6327	9.319937	7.881048	162.8406	13.39002	4.675326	123.7625	37.74206	90	True	True
9.701757	3.204062	9.789485	157.4842	11.45763	8.631125	162.039	9.648195	8.568383	162.5334	13.96407	6.033973	125.1962	36.57956	90	True	True
9.701757	3.204062	9.789485	157.4842	11.45763	8.631125	162.039	9.648195	8.568383	162.5334	13.96407	6.033973	125.1962	36.57956	90	True	True
9.931197	3.470398	9.97461	156.8098	11.78076	8.480056	161.3797	9.718874	8.217216	161.4635	14.38063	5.719744	119.7492	41.24332	90	True	True
9.931197	3.470398	9.97461	156.8098	11.78076	8.480056	161.3797	9.718874	8.217216	161.4635	14.38063	5.719744	119.7492	41.24332	90	True	True
9.795044	3.644486	9.780455	156.9895	12.13757	8.411877	161.5876	10.05134	8.311527	162.2219	14.33129	5.986941	124.8294	37.1448	90	True	True
9.795044	3.644486	9.780455	156.9895	12.13757	8.411877	161.5876	10.05134	8.311527	162.2219	14.33129	5.986941	124.8294	37.1448	90	True	True
9.456581	2.43639	9.537423	157.0036	12.74178	8.318385	161.4377	10.6747	8.358929	161.7666	15.1181	6.174033	120.8374	41.04725	90	True	True
9.456581	2.43639	9.537423	157.0036	12.74178	8.318385	161.4377	10.6747	8.358929	161.7666	15.1181	6.174033	120.8374	41.04725	90	True	True
9.493901	2.825	9.643168	156.6186	12.70234	8.252159	161.3389	10.55612	8.27448	161.7869	14.98405	6.339023	123.3999	38.7975	90	True	True
9.493901	2.825	9.643168	156.6186	12.70234	8.252159	161.3389	10.55612	8.27448	161.7869	14.98405	6.339023	123.3999	38.7975	90	True	True
9.482099	1.955148	9.510581	157.2082	12.56672	8.485465	161.2225	10.82312	8.470643	161.1015	15.66719	6.993464	119.3213	42.77651	90	True	True
9.482099	1.955148	9.510581	157.2082	12.56672	8.485465	161.2225	10.82312	8.470643	161.1015	15.66719	6.993464	119.3213	42.77651	90	True	True
9.602911	2.278558	9.660845	156.7563	12.65624	8.589066	160.9854	10.62028	8.315311	161.3024	15.29698	6.602682	121.8246	40.17224	90	True	True
9.602911	2.278558	9.660845	156.7563	12.65624	8.589066	160.9854	10.62028	8.315311	161.3024	15.29698	6.602682	121.8246	40.17224	90	True	True
9.456089	1.880754	9.670557	156.9144	12.62135	8.621044	161.0524	10.73944	8.499945	161.0962	15.47552	7.056685	121.1005	41.14191	90	True	True
9.456089	1.880754	9.670557	156.9144	12.62135	8.621044	161.0524	10.73944	8.499945	161.0962	15.47552	7.056685	121.1005	41.14191	90	True	True
9.456021	2.686129	9.572462	157.4005	12.34826	8.805241	161.6805	10.12798	8.559217	162.2861	14.09495	5.982119	117.4737	43.06753	90	True	True
9.456021	2.686129	9.572462	157.4005	12.34826	8.805241	161.6805	10.12798	8.559217	162.2861	14.09495	5.982119	117.4737	43.06753	90	True	True
9.216801	2.646787	9.421952	157.5133	12.29047	8.393367	161.7787	10.06629	8.237119	161.9804	14.42808	5.947981	117.6708	43.38698	90	True	True
9.216801	2.646787	9.421952	157.5133	12.29047	8.393367	161.7787	10.06629	8.237119	161.9804	14.42808	5.947981	117.6708	43.38698	90	True	True
9.318188	2.879437	9.576834	157.4921	12.1736	8.767128	161.9552	9.776657	8.715328	163.2311	13.27429	5.869817	116.6652	44.06904	90	True	True
9.318188	2.879437	9.576834	157.4921	12.1736	8.767128	161.9552	9.776657	8.715328	163.2311	13.27429	5.869817	116.6652	44.06904	90	True	True
9.217019	2.932179	9.716907	157.583	12.40174	8.600554	162.1172	9.885586	8.449893	163.7303	13.14706	5.43401	119.1258	41.40785	90	True	True
9.217019	2.932179	9.716907	157.583	12.40174	8.600554	162.1172	9.885586	8.449893	163.7303	13.14706	5.43401	119.1258	41.40785	90	True	True
9.511223	2.653139	9.868059	157.5278	11.71382	8.71627	162.1728	9.317764	8.476695	163.7401	12.54407	5.432602	116.4544	43.52674	90	True	True
9.511223	2.653139	9.868059	157.5278	11.71382	8.71627	162.1728	9.317764	8.476695	163.7401	12.54407	5.432602	116.4544	43.52674	90	True	True
9.5529	2.666376	9.848333	157.6287	11.85596	8.872559	161.9508	9.562258	8.668473	163.2744	13.06996	5.683653	116.6073	44.03165	90	True	True
9.5529	2.666376	9.848333	157.6287	11.85596	8.872559	161.9508	9.562258	8.668473	163.2744	13.06996	5.683653	116.6073	44.03165	90	True	True
9.590877	2.248641	10.11244	157.1006	11.5796	9.02035	161.8983	9.333337	8.678801	163.6368	12.27763	5.939239	119.2058	41.1577	90	True	True
9.590877	2.248641	10.11244	157.1006	11.5796	9.02035	161.8983	9.333337	8.678801	163.6368	12.27763	5.939239	119.2058	41.1577	90	True	True
9.724775	2.370164	10.13564	157.1256	11.42989	8.92537	162.0344	9.110564	8.546445	163.9196	12.00986	5.735795	118.929	41.38195	90	True	True
9.724775	2.370164	10.13564	157.1256	11.42989	8.92537	162.0344	9.110564	8.546445	163.9196	12.00986	5.735795	118.929	41.38195	90	True	True
8.886301	1.893308	10.35359	156.5469	11.8929	9.311303	161.4917	9.249025	8.941093	163.3597	12.47757	6.886832	117.9294	43.64688	90	True	True
8.886301	1.893308	10.35359	156.5469	11.8929	9.311303	161.4917	9.249025	8.941093	163.3597	12.47757	6.886832	117.9294	43.64688	90	True	True
8.720191	1.791224	10.48215	156.4997	11.77083	9.334471	161.3983	9.126615	8.837889	163.332	12.37916	6.740174	116.5762	44.88593	90	True	True
8.720191	1.791224	10.48215	156.4997	11.77083	9.334471	161.3983	9.126615	8.837889	163.332	12.37916	6.740174	116.5762	44.88593	90	True	True
8.186876	1.688293	10.25417	156.2584	11.75978	9.188592	161.452	8.620921	8.847779	163.0948	11.86924	6.707266	111.1191	50.90184	90	True	True
8.186876	1.688293	10.25417	156.2584	11.75978	9.188592	161.452	8.620921	8.847779	163.0948	11.86924	6.707266	111.1191	50.90184	90	True	True
8.04403	1.532756	10.25338	155.9744	11.90623	9.138923	161.4668	8.564449	8.832575	162.951	11.98736	6.743917	109.0299	52.56737	90	True	True
8.04403	1.532756	10.25338	155.9744	11.90623	9.138923	161.4668	8.564449	8.832575	162.951	11.98736	6.743917	109.0299	52.56737	90	True	True
