8.666478	10.637	17.29198	122.5524	33.60066	10.99664	138.3928	24.10877	4.362776	150.1125	19.32533	5.308512	113.3034	56.23936	90	True	True
8.666478	10.637	17.29198	122.5524	33.60066	10.99664	138.3928	24.10877	4.362776	150.1125	19.32533	5.308512	113.3034	56.23936	90	True	True
8.666478	10.637	17.29198	122.5524	33.60066	10.99664	138.3928	24.10877	4.362776	150.1125	19.32533	5.308512	113.3034	56.23936	90	True	True
8.666478	10.637	17.29198	122.5524	33.60066	10.99664	138.3928	24.10877	4.362776	150.1125	19.32533	5.308512	113.3034	56.23936	90	True	True
8.666478	10.637	17.29198	122.5524	33.60066	10.99664	138.3928	24.10877	4.362776	150.1125	19.32533	5.308512	113.3034	56.23936	90	True	True
8.347878	10.00072	17.1686	123.6146	32.61405	10.96428	138.7478	23.87527	4.426639	149.1378	20.34153	5.403888	109.6958	59.69377	90	True	True
8.347878	10.00072	17.1686	123.6146	32.61405	10.96428	138.7478	23.87527	4.426639	149.1378	20.34153	5.403888	109.6958	59.69377	90	True	True
8.347878	10.00072	17.1686	123.6146	32.61405	10.96428	138.7478	23.87527	4.426639	149.1378	20.34153	5.403888	109.6958	59.69377	90	True	True
8.347878	10.00072	17.1686	123.6146	32.61405	10.96428	138.7478	23.87527	4.426639	149.1378	20.34153	5.403888	109.6958	59.69377	90	True	True
8.286338	10.38136	17.32292	123.7451	32.5683	11.04644	138.7862	23.95149	4.470325	149.3865	20.19465	5.400623	113.9981	55.76025	90	True	True
8.286338	10.38136	17.32292	123.7451	32.5683	11.04644	138.7862	23.95149	4.470325	149.3865	20.19465	5.400623	113.9981	55.76025	90	True	True
8.286338	10.38136	17.32292	123.7451	32.5683	11.04644	138.7862	23.95149	4.470325	149.3865	20.19465	5.400623	113.9981	55.76025	90	True	True
8.286338	10.38136	17.32292	123.7451	32.5683	11.04644	138.7862	23.95149	4.470325	149.3865	20.19465	5.400623	113.9981	55.76025	90	True	True
8.286338	10.38136	17.32292	123.7451	32.5683	11.04644	138.7862	23.95149	4.470325	149.3865	20.19465	5.400623	113.9981	55.76025	90	True	True
8.286338	10.38136	17.32292	123.7451	32.5683	11.04644	138.7862	23.95149	4.470325	149.3865	20.19465	5.400623	113.9981	55.76025	90	True	True
8.42592	10.07512	17.25088	123.4153	32.73455	11.02505	139.1309	23.50571	4.535225	149.2032	20.14602	5.382442	113.8419	55.83187	90	True	True
8.42592	10.07512	17.25088	123.4153	32.73455	11.02505	139.1309	23.50571	4.535225	149.2032	20.14602	5.382442	113.8419	55.83187	90	True	True
8.42592	10.07512	17.25088	123.4153	32.73455	11.02505	139.1309	23.50571	4.535225	149.2032	20.14602	5.382442	113.8419	55.83187	90	True	True
8.42592	10.07512	17.25088	123.4153	32.73455	11.02505	139.1309	23.50571	4.535225	149.2032	20.14602	5.382442	113.8419	55.83187	90	True	True
8.366442	10.34923	17.27581	121.6382	34.32615	11.11469	137.1314	25.29034	4.701281	148.1619	21.10342	5.321598	108.6634	60.67482	90	True	True
8.366442	10.34923	17.27581	121.6382	34.32615	11.11469	137.1314	25.29034	4.701281	148.1619	21.10342	5.321598	108.6634	60.67482	90	True	True
8.366442	10.34923	17.27581	121.6382	34.32615	11.11469	137.1314	25.29034	4.701281	148.1619	21.10342	5.321598	108.6634	60.67482	90	True	True
8.366442	10.34923	17.27581	121.6382	34.32615	11.11469	137.1314	25.29034	4.701281	148.1619	21.10342	5.321598	108.6634	60.67482	90	True	True
8.366442	10.34923	17.27581	121.6382	34.32615	11.11469	137.1314	25.29034	4.701281	148.1619	21.10342	5.321598	108.6634	60.67482	90	True	True
8.366442	10.34923	17.27581	121.6382	34.32615	11.11469	137.1314	25.29034	4.701281	148.1619	21.10342	5.321598	108.6634	60.67482	90	True	True
8.35296	9.882798	17.21644	122.4798	33.51699	11.10016	138.2112	24.13932	4.693808	148.8579	20.28042	5.403123	109.6974	59.69711	90	True	True
8.35296	9.882798	17.21644	122.4798	33.51699	11.10016	138.2112	24.13932	4.693808	148.8579	20.28042	5.403123	109.6974	59.69711	90	True	True
8.35296	9.882798	17.21644	122.4798	33.51699	11.10016	138.2112	24.13932	4.693808	148.8579	20.28042	5.403123	109.6974	59.69711	90	True	True
8.35296	9.882798	17.21644	122.4798	33.51699	11.10016	138.2112	24.13932	4.693808	148.8579	20.28042	5.403123	109.6974	59.69711	90	True	True
8.276352	10.30766	17.44835	122.6343	33.30375	11.16301	139.1672	23.37857	4.79424	149.0343	20.1826	5.488009	114.3537	55.30782	90	True	True
8.276352	10.30766	17.44835	122.6343	33.30375	11.16301	139.1672	23.37857	4.79424	149.0343	20.1826	5.488009	114.3537	55.30782	90	True	True
8.276352	10.30766	17.44835	122.6343	33.30375	11.16301	139.1672	23.37857	4.79424	149.0343	20.1826	5.488009	114.3537	55.30782	90	True	True
8.276352	10.30766	17.44835	122.6343	33.30375	11.16301	139.1672	23.37857	4.79424	149.0343	20.1826	5.488009	114.3537	55.30782	90	True	True
8.276352	10.30766	17.44835	122.6343	33.30375	11.16301	139.1672	23.37857	4.79424	149.0343	20.1826	5.488009	114.3537	55.30782	90	True	True
8.426084	9.934243	17.45384	122.0855	34.06792	11.19797	138.255	24.4221	4.708233	149.201	20.45756	5.249676	114.0288	56.12006	90	True	True
8.426084	9.934243	17.45384	122.0855	34.06792	11.19797	138.255	24.4221	4.708233	149.201	20.45756	5.249676	114.0288	56.12006	90	True	True
8.426084	9.934243	17.45384	122.0855	34.06792	11.19797	138.255	24.4221	4.708233	149.201	20.45756	5.249676	114.0288	56.12006	90	True	True
8.426084	9.934243	17.45384	122.0855	34.06792	11.19797	138.255	24.4221	4.708233	149.201	20.45756	5.249676	114.0288	56.12006	90	True	True
8.393298	9.795208	17.49755	121.836	34.20133	11.17608	139.3646	23.31745	4.658756	149.9309	19.58072	5.466685	113.7482	56.16026	90	True	True
8.393298	9.795208	17.49755	121.836	34.20133	11.17608	139.3646	23.31745	4.658756	149.9309	19.58072	5.466685	113.7482	56.16026	90	True	True
8.393298	9.795208	17.49755	121.836	34.20133	11.17608	139.3646	23.31745	4.658756	149.9309	19.58072	5.466685	113.7482	56.16026	90	True	True
8.393298	9.795208	17.49755	121.836	34.20133	11.17608	139.3646	23.31745	4.658756	149.9309	19.58072	5.466685	113.7482	56.16026	90	True	True
8.393298	9.795208	17.49755	121.836	34.20133	11.17608	139.3646	23.31745	4.658756	149.9309	19.58072	5.466685	113.7482	56.16026	90	True	True
8.393298	9.795208	17.49755	121.836	34.20133	11.17608	139.3646	23.31745	4.658756	149.9309	19.58072	5.466685	113.7482	56.16026	90	True	True
8.737076	9.656501	17.4208	122.0796	33.89711	11.11998	138.0106	24.39293	4.57316	149.2212	20.2144	5.381458	114.7713	55.14297	90	True	True
8.737076	9.656501	17.4208	122.0796	33.89711	11.11998	138.0106	24.39293	4.57316	149.2212	20.2144	5.381458	114.7713	55.14297	90	True	True
8.737076	9.656501	17.4208	122.0796	33.89711	11.11998	138.0106	24.39293	4.57316	149.2212	20.2144	5.381458	114.7713	55.14297	90	True	True
8.737076	9.656501	17.4208	122.0796	33.89711	11.11998	138.0106	24.39293	4.57316	149.2212	20.2144	5.381458	114.7713	55.14297	90	True	True
8.40506	10.33548	17.65786	120.9266	34.84206	11.38412	138.8333	23.67858	4.828076	149.5342	20.07216	5.507366	115.5234	54.49974	90	True	True
8.40506	10.33548	17.65786	120.9266	34.84206	11.38412	138.8333	23.67858	4.828076	149.5342	20.07216	5.507366	115.5234	54.49974	90	True	True
8.40506	10.33548	17.65786	120.9266	34.84206	11.38412	138.8333	23.67858	4.828076	149.5342	20.07216	5.507366	115.5234	54.49974	90	True	True
8.40506	10.33548	17.65786	120.9266	34.84206	11.38412	138.8333	23.67858	4.828076	149.5342	20.07216	5.507366	115.5234	54.49974	90	True	True
8.40506	10.33548	17.65786	120.9266	34.84206	11.38412	138.8333	23.67858	4.828076	149.5342	20.07216	5.507366	115.5234	54.49974	90	True	True
8.40506	10.33548	17.65786	120.9266	34.84206	11.38412	138.8333	23.67858	4.828076	149.5342	20.07216	5.507366	115.5234	54.49974	90	True	True
8.349763	10.39678	17.63095	121.3961	34.47181	11.35929	139.1108	23.5464	4.745936	150.0629	19.76188	5.528648	116.1794	54.07673	90	True	True
8.349763	10.39678	17.63095	121.3961	34.47181	11.35929	139.1108	23.5464	4.745936	150.0629	19.76188	5.528648	116.1794	54.07673	90	True	True
8.349763	10.39678	17.63095	121.3961	34.47181	11.35929	139.1108	23.5464	4.745936	150.0629	19.76188	5.528648	116.1794	54.07673	90	True	True
8.349763	10.39678	17.63095	121.3961	34.47181	11.35929	139.1108	23.5464	4.745936	150.0629	19.76188	5.528648	116.1794	54.07673	90	True	True
8.446806	10.55411	17.49103	121.9658	33.93604	11.13264	138.8231	23.61268	4.499407	150.0616	19.40138	5.491014	115.2885	54.58611	90	True	True
8.446806	10.55411	17.49103	121.9658	33.93604	11.13264	138.8231	23.61268	4.499407	150.0616	19.40138	5.491014	115.2885	54.58611	90	True	True
8.446806	10.55411	17.49103	121.9658	33.93604	11.13264	138.8231	23.61268	4.499407	150.0616	19.40138	5.491014	115.2885	54.58611	90	True	True
8.446806	10.55411	17.49103	121.9658	33.93604	11.13264	138.8231	23.61268	4.499407	150.0616	19.40138	5.491014	115.2885	54.58611	90	True	True
8.446806	10.55411	17.49103	121.9658	33.93604	11.13264	138.8231	23.61268	4.499407	150.0616	19.40138	5.491014	115.2885	54.58611	90	True	True
8.66503	10.55942	17.40255	123.4773	32.54951	11.14062	139.5824	22.90005	4.565619	150.8883	18.55027	5.3718	116.0918	53.738	90	True	True
8.66503	10.55942	17.40255	123.4773	32.54951	11.14062	139.5824	22.90005	4.565619	150.8883	18.55027	5.3718	116.0918	53.738	90	True	True
8.66503	10.55942	17.40255	123.4773	32.54951	11.14062	139.5824	22.90005	4.565619	150.8883	18.55027	5.3718	116.0918	53.738	90	True	True
8.66503	10.55942	17.40255	123.4773	32.54951	11.14062	139.5824	22.90005	4.565619	150.8883	18.55027	5.3718	116.0918	53.738	90	True	True
8.66503	10.55942	17.40255	123.4773	32.54951	11.14062	139.5824	22.90005	4.565619	150.8883	18.55027	5.3718	116.0918	53.738	90	True	True
8.513182	9.98002	17.39978	122.4985	33.41089	11.03501	138.3159	24.03682	4.411353	149.3813	20.09459	5.583522	116.8013	53.36539	90	True	True
8.513182	9.98002	17.39978	122.4985	33.41089	11.03501	138.3159	24.03682	4.411353	149.3813	20.09459	5.583522	116.8013	53.36539	90	True	True
8.513182	9.98002	17.39978	122.4985	33.41089	11.03501	138.3159	24.03682	4.411353	149.3813	20.09459	5.583522	116.8013	53.36539	90	True	True
8.513182	9.98002	17.39978	122.4985	33.41089	11.03501	138.3159	24.03682	4.411353	149.3813	20.09459	5.583522	116.8013	53.36539	90	True	True
8.513182	9.98002	17.39978	122.4985	33.41089	11.03501	138.3159	24.03682	4.411353	149.3813	20.09459	5.583522	116.8013	53.36539	90	True	True
8.513182	9.98002	17.39978	122.4985	33.41089	11.03501	138.3159	24.03682	4.411353	149.3813	20.09459	5.583522	116.8013	53.36539	90	True	True
8.550817	10.42845	17.29044	123.0439	33.00132	11.0444	138.7888	23.61942	4.461637	150.087	19.34637	5.446645	114.4817	55.34336	90	True	True
8.550817	10.42845	17.29044	123.0439	33.00132	11.0444	138.7888	23.61942	4.461637	150.087	19.34637	5.446645	114.4817	55.34336	90	True	True
8.550817	10.42845	17.29044	123.0439	33.00132	11.0444	138.7888	23.61942	4.461637	150.087	19.34637	5.446645	114.4817	55.34336	90	True	True
8.550817	10.42845	17.29044	123.0439	33.00132	11.0444	138.7888	23.61942	4.461637	150.087	19.34637	5.446645	114.4817	55.34336	90	True	True
8.532921	9.692578	17.46663	121.8541	34.20671	11.16846	137.9488	24.48454	4.544282	148.6252	20.87458	5.678926	115.1535	54.93247	90	True	True
8.532921	9.692578	17.46663	121.8541	34.20671	11.16846	137.9488	24.48454	4.544282	148.6252	20.87458	5.678926	115.1535	54.93247	90	True	True
8.532921	9.692578	17.46663	121.8541	34.20671	11.16846	137.9488	24.48454	4.544282	148.6252	20.87458	5.678926	115.1535	54.93247	90	True	True
8.532921	9.692578	17.46663	121.8541	34.20671	11.16846	137.9488	24.48454	4.544282	148.6252	20.87458	5.678926	115.1535	54.93247	90	True	True
8.532921	9.692578	17.46663	121.8541	34.20671	11.16846	137.9488	24.48454	4.544282	148.6252	20.87458	5.678926	115.1535	54.93247	90	True	True
8.532921	9.692578	17.46663	121.8541	34.20671	11.16846	137.9488	24.48454	4.544282	148.6252	20.87458	5.678926	115.1535	54.93247	90	True	True
8.530735	9.67654	17.31863	124.0191	32.23008	10.96742	139.2798	23.09148	4.417213	150.3141	19.03186	5.596076	113.7997	55.8516	90	True	True
8.530735	9.67654	17.31863	124.0191	32.23008	10.96742	139.2798	23.09148	4.417213	150.3141	19.03186	5.596076	113.7997	55.8516	90	True	True
8.530735	9.67654	17.31863	124.0191	32.23008	10.96742	139.2798	23.09148	4.417213	150.3141	19.03186	5.596076	113.7997	55.8516	90	True	True
8.530735	9.67654	17.31863	124.0191	32.23008	10.96742	139.2798	23.09148	4.417213	150.3141	19.03186	5.596076	113.7997	55.8516	90	True	True
8.448309	9.786288	17.39524	122.35	33.53969	11.09666	138.8758	23.60388	4.508806	150.1097	19.51561	5.531162	118.9088	51.27876	90	True	True
8.448309	9.786288	17.39524	122.35	33.53969	11.09666	138.8758	23.60388	4.508806	150.1097	19.51561	5.531162	118.9088	51.27876	90	True	True
8.448309	9.786288	17.39524	122.35	33.53969	11.09666	138.8758	23.60388	4.508806	150.1097	19.51561	5.531162	118.9088	51.27876	90	True	True
8.448309	9.786288	17.39524	122.35	33.53969	11.09666	138.8758	23.60388	4.508806	150.1097	19.51561	5.531162	118.9088	51.27876	90	True	True
8.448309	9.786288	17.39524	122.35	33.53969	11.09666	138.8758	23.60388	4.508806	150.1097	19.51561	5.531162	118.9088	51.27876	90	True	True
8.507758	9.66202	17.59937	123.0055	32.97571	11.08065	139.0506	23.17906	4.38369	150.0258	19.32051	5.506013	114.5527	54.97367	90	True	True
8.507758	9.66202	17.59937	123.0055	32.97571	11.08065	139.0506	23.17906	4.38369	150.0258	19.32051	5.506013	114.5527	54.97367	90	True	True
8.507758	9.66202	17.59937	123.0055	32.97571	11.08065	139.0506	23.17906	4.38369	150.0258	19.32051	5.506013	114.5527	54.97367	90	True	True
8.507758	9.66202	17.59937	123.0055	32.97571	11.08065	139.0506	23.17906	4.38369	150.0258	19.32051	5.506013	114.5527	54.97367	90	True	True
8.507758	9.66202	17.59937	123.0055	32.97571	11.08065	139.0506	23.17906	4.38369	150.0258	19.32051	5.506013	114.5527	54.97367	90	True	True
8.542702	9.686349	17.57298	122.5974	33.33812	11.06269	138.8232	23.38435	4.359949	150.0065	19.30892	5.46092	113.7872	55.65996	90	True	True
8.542702	9.686349	17.57298	122.5974	33.33812	11.06269	138.8232	23.38435	4.359949	150.0065	19.30892	5.46092	113.7872	55.65996	90	True	True
8.542702	9.686349	17.57298	122.5974	33.33812	11.06269	138.8232	23.38435	4.359949	150.0065	19.30892	5.46092	113.7872	55.65996	90	True	True
8.606632	9.649466	17.58654	122.9146	33.10492	11.06871	138.9561	23.29773	4.331234	150.0475	19.32896	5.487913	112.2306	57.12469	90	True	True
8.606632	9.649466	17.58654	122.9146	33.10492	11.06871	138.9561	23.29773	4.331234	150.0475	19.32896	5.487913	112.2306	57.12469	90	True	True
8.606632	9.649466	17.58654	122.9146	33.10492	11.06871	138.9561	23.29773	4.331234	150.0475	19.32896	5.487913	112.2306	57.12469	90	True	True
8.606632	9.649466	17.58654	122.9146	33.10492	11.06871	138.9561	23.29773	4.331234	150.0475	19.32896	5.487913	112.2306	57.12469	90	True	True
8.606632	9.649466	17.58654	122.9146	33.10492	11.06871	138.9561	23.29773	4.331234	150.0475	19.32896	5.487913	112.2306	57.12469	90	True	True
8.606632	9.649466	17.58654	122.9146	33.10492	11.06871	138.9561	23.29773	4.331234	150.0475	19.32896	5.487913	112.2306	57.12469	90	True	True
8.54109	9.862404	17.55108	122.2958	33.67869	11.04254	138.3532	23.77676	4.299556	149.6003	19.71001	5.490085	111.1473	58.19297	90	True	True
8.54109	9.862404	17.55108	122.2958	33.67869	11.04254	138.3532	23.77676	4.299556	149.6003	19.71001	5.490085	111.1473	58.19297	90	True	True
8.589338	9.948628	17.59386	119.1545	36.52214	11.13113	137.4426	24.68853	4.492523	148.8795	20.42373	5.441864	109.61	59.9497	90	True	True
8.589338	9.948628	17.59386	119.1545	36.52214	11.13113	137.4426	24.68853	4.492523	148.8795	20.42373	5.441864	109.61	59.9497	90	True	True
8.589338	9.948628	17.59386	119.1545	36.52214	11.13113	137.4426	24.68853	4.492523	148.8795	20.42373	5.441864	109.61	59.9497	90	True	True
8.589338	9.948628	17.59386	119.1545	36.52214	11.13113	137.4426	24.68853	4.492523	148.8795	20.42373	5.441864	109.61	59.9497	90	True	True
8.464482	8.62129	17.38923	123.5366	32.54209	11.02778	139.6215	22.82777	4.532151	150.0465	19.19194	5.458475	114.1208	55.62975	90	True	True
8.464482	8.62129	17.38923	123.5366	32.54209	11.02778	139.6215	22.82777	4.532151	150.0465	19.19194	5.458475	114.1208	55.62975	90	True	True
8.464482	8.62129	17.38923	123.5366	32.54209	11.02778	139.6215	22.82777	4.532151	150.0465	19.19194	5.458475	114.1208	55.62975	90	True	True
8.464482	8.62129	17.38923	123.5366	32.54209	11.02778	139.6215	22.82777	4.532151	150.0465	19.19194	5.458475	114.1208	55.62975	90	True	True
8.597877	9.854604	17.67696	119.1056	36.43972	11.12024	137.0392	25.12397	4.48266	148.8301	20.45758	5.435703	112.4814	57.26128	90	True	True
8.597877	9.854604	17.67696	119.1056	36.43972	11.12024	137.0392	25.12397	4.48266	148.8301	20.45758	5.435703	112.4814	57.26128	90	True	True
8.597877	9.854604	17.67696	119.1056	36.43972	11.12024	137.0392	25.12397	4.48266	148.8301	20.45758	5.435703	112.4814	57.26128	90	True	True
8.813697	9.18198	17.26006	124.8276	31.61832	10.84687	140.4296	22.44567	4.269981	151.3092	18.28606	5.540192	114.5208	55.27039	90	True	True
8.813697	9.18198	17.26006	124.8276	31.61832	10.84687	140.4296	22.44567	4.269981	151.3092	18.28606	5.540192	114.5208	55.27039	90	True	True
8.813697	9.18198	17.26006	124.8276	31.61832	10.84687	140.4296	22.44567	4.269981	151.3092	18.28606	5.540192	114.5208	55.27039	90	True	True
8.813697	9.18198	17.26006	124.8276	31.61832	10.84687	140.4296	22.44567	4.269981	151.3092	18.28606	5.540192	114.5208	55.27039	90	True	True
8.75135	9.428126	17.58309	121.2148	34.61914	11.0581	138.0535	24.43524	4.564281	149.4989	20.03398	5.329248	114.5613	55.50471	90	True	True
8.75135	9.428126	17.58309	121.2148	34.61914	11.0581	138.0535	24.43524	4.564281	149.4989	20.03398	5.329248	114.5613	55.50471	90	True	True
8.75135	9.428126	17.58309	121.2148	34.61914	11.0581	138.0535	24.43524	4.564281	149.4989	20.03398	5.329248	114.5613	55.50471	90	True	True
8.441888	8.297033	17.56052	123.5389	32.44465	11.32118	140.049	22.59599	4.902088	150.0575	19.23982	5.248037	111.1432	58.34915	0	True	True
8.441888	8.297033	17.56052	123.5389	32.44465	11.32118	140.049	22.59599	4.902088	150.0575	19.23982	5.248037	111.1432	58.34915	90	True	True
8.441888	8.297033	17.56052	123.5389	32.44465	11.32118	140.049	22.59599	4.902088	150.0575	19.23982	5.248037	111.1432	58.34915	90	True	True
8.441888	8.297033	17.56052	123.5389	32.44465	11.32118	140.049	22.59599	4.902088	150.0575	19.23982	5.248037	111.1432	58.34915	90	True	True
8.291432	9.451827	17.51344	121.2317	34.46729	11.14763	138.9627	23.72914	4.627665	150.304	19.52855	5.387209	115.0886	55.13126	90	True	True
8.291432	9.451827	17.51344	121.2317	34.46729	11.14763	138.9627	23.72914	4.627665	150.304	19.52855	5.387209	115.0886	55.13126	90	True	True
8.291432	9.451827	17.51344	121.2317	34.46729	11.14763	138.9627	23.72914	4.627665	150.304	19.52855	5.387209	115.0886	55.13126	90	True	True
8.551499	8.545229	17.61692	122.1951	33.46391	11.21033	138.387	23.82375	4.966442	148.2874	20.5644	4.999391	106.0571	62.88177	90	True	True
8.551499	8.545229	17.61692	122.1951	33.46391	11.21033	138.387	23.82375	4.966442	148.2874	20.5644	4.999391	106.0571	62.88177	90	True	True
8.551499	8.545229	17.61692	122.1951	33.46391	11.21033	138.387	23.82375	4.966442	148.2874	20.5644	4.999391	106.0571	62.88177	90	True	True
8.551499	8.545229	17.61692	122.1951	33.46391	11.21033	138.387	23.82375	4.966442	148.2874	20.5644	4.999391	106.0571	62.88177	90	True	True
8.551499	8.545229	17.61692	122.1951	33.46391	11.21033	138.387	23.82375	4.966442	148.2874	20.5644	4.999391	106.0571	62.88177	90	True	True
8.540816	7.809645	17.55189	121.3727	34.16331	11.38582	138.9825	23.44489	5.003817	149.1874	20.07132	5.035126	110.1618	59.48851	90	True	True
8.540816	7.809645	17.55189	121.3727	34.16331	11.38582	138.9825	23.44489	5.003817	149.1874	20.07132	5.035126	110.1618	59.48851	90	True	True
8.540816	7.809645	17.55189	121.3727	34.16331	11.38582	138.9825	23.44489	5.003817	149.1874	20.07132	5.035126	110.1618	59.48851	90	True	True
8.540816	7.809645	17.55189	121.3727	34.16331	11.38582	138.9825	23.44489	5.003817	149.1874	20.07132	5.035126	110.1618	59.48851	90	True	True
8.489932	7.176541	17.49462	121.5069	34.22044	11.13944	138.1113	24.24884	4.841613	148.6931	20.52347	5.157687	103.2362	65.92286	90	True	True
8.489932	7.176541	17.49462	121.5069	34.22044	11.13944	138.1113	24.24884	4.841613	148.6931	20.52347	5.157687	103.2362	65.92286	90	True	True
8.489932	7.176541	17.49462	121.5069	34.22044	11.13944	138.1113	24.24884	4.841613	148.6931	20.52347	5.157687	103.2362	65.92286	90	True	True
8.489932	7.176541	17.49462	121.5069	34.22044	11.13944	138.1113	24.24884	4.841613	148.6931	20.52347	5.157687	103.2362	65.92286	90	True	True
8.566143	7.312544	17.36802	120.6547	34.82239	11.1885	138.2172	23.77442	4.957959	147.5714	21.03279	5.085888	101.3637	67.39168	90	True	True
8.566143	7.312544	17.36802	120.6547	34.82239	11.1885	138.2172	23.77442	4.957959	147.5714	21.03279	5.085888	101.3637	67.39168	90	True	True
8.566143	7.312544	17.36802	120.6547	34.82239	11.1885	138.2172	23.77442	4.957959	147.5714	21.03279	5.085888	101.3637	67.39168	90	True	True
8.566143	7.312544	17.36802	120.6547	34.82239	11.1885	138.2172	23.77442	4.957959	147.5714	21.03279	5.085888	101.3637	67.39168	90	True	True
8.502677	6.985473	17.56128	120.7634	34.69805	11.31248	138.6202	23.6101	5.024417	148.1007	20.84032	5.119561	104.2871	64.77599	90	True	True
8.502677	6.985473	17.56128	120.7634	34.69805	11.31248	138.6202	23.6101	5.024417	148.1007	20.84032	5.119561	104.2871	64.77599	90	True	True
8.502677	6.985473	17.56128	120.7634	34.69805	11.31248	138.6202	23.6101	5.024417	148.1007	20.84032	5.119561	104.2871	64.77599	90	True	True
8.502677	6.985473	17.56128	120.7634	34.69805	11.31248	138.6202	23.6101	5.024417	148.1007	20.84032	5.119561	104.2871	64.77599	90	True	True
8.502677	6.985473	17.56128	120.7634	34.69805	11.31248	138.6202	23.6101	5.024417	148.1007	20.84032	5.119561	104.2871	64.77599	90	True	True
8.304137	7.196854	17.15964	123.3403	32.40652	11.21598	139.6635	22.74295	5.040071	148.462	20.53708	5.165774	109.8189	59.49798	90	True	True
8.304137	7.196854	17.15964	123.3403	32.40652	11.21598	139.6635	22.74295	5.040071	148.462	20.53708	5.165774	109.8189	59.49798	90	True	True
8.304137	7.196854	17.15964	123.3403	32.40652	11.21598	139.6635	22.74295	5.040071	148.462	20.53708	5.165774	109.8189	59.49798	90	True	True
8.304137	7.196854	17.15964	123.3403	32.40652	11.21598	139.6635	22.74295	5.040071	148.462	20.53708	5.165774	109.8189	59.49798	90	True	True
8.629322	7.496399	17.41815	121.9869	33.85374	11.27083	139.9561	22.57792	5.017587	149.0712	20.06113	5.215935	107.9958	61.32753	90	True	True
8.629322	7.496399	17.41815	121.9869	33.85374	11.27083	139.9561	22.57792	5.017587	149.0712	20.06113	5.215935	107.9958	61.32753	90	True	True
8.629322	7.496399	17.41815	121.9869	33.85374	11.27083	139.9561	22.57792	5.017587	149.0712	20.06113	5.215935	107.9958	61.32753	90	True	True
8.629322	7.496399	17.41815	121.9869	33.85374	11.27083	139.9561	22.57792	5.017587	149.0712	20.06113	5.215935	107.9958	61.32753	90	True	True
8.629322	7.496399	17.41815	121.9869	33.85374	11.27083	139.9561	22.57792	5.017587	149.0712	20.06113	5.215935	107.9958	61.32753	90	True	True
8.293386	7.478271	17.57489	121.5409	34.05318	11.2668	138.9312	23.52464	4.970581	149.0305	20.2765	5.087773	108.715	60.71335	90	True	True
8.293386	7.478271	17.57489	121.5409	34.05318	11.2668	138.9312	23.52464	4.970581	149.0305	20.2765	5.087773	108.715	60.71335	90	True	True
8.293386	7.478271	17.57489	121.5409	34.05318	11.2668	138.9312	23.52464	4.970581	149.0305	20.2765	5.087773	108.715	60.71335	90	True	True
8.293386	7.478271	17.57489	121.5409	34.05318	11.2668	138.9312	23.52464	4.970581	149.0305	20.2765	5.087773	108.715	60.71335	90	True	True
8.293386	7.478271	17.57489	121.5409	34.05318	11.2668	138.9312	23.52464	4.970581	149.0305	20.2765	5.087773	108.715	60.71335	90	True	True
8.503455	7.554346	17.39405	122.203	33.6527	11.2004	139.1286	23.10829	4.895968	148.1279	20.62777	5.127088	106.2495	62.72499	90	True	True
8.503455	7.554346	17.39405	122.203	33.6527	11.2004	139.1286	23.10829	4.895968	148.1279	20.62777	5.127088	106.2495	62.72499	90	True	True
8.503455	7.554346	17.39405	122.203	33.6527	11.2004	139.1286	23.10829	4.895968	148.1279	20.62777	5.127088	106.2495	62.72499	90	True	True
8.503455	7.554346	17.39405	122.203	33.6527	11.2004	139.1286	23.10829	4.895968	148.1279	20.62777	5.127088	106.2495	62.72499	90	True	True
8.449128	7.801121	17.47957	123.2445	32.72298	11.1998	140.2764	22.55956	4.92986	150.0027	19.47039	5.174189	111.1421	58.68864	90	True	True
8.449128	7.801121	17.47957	123.2445	32.72298	11.1998	140.2764	22.55956	4.92986	150.0027	19.47039	5.174189	111.1421	58.68864	90	True	True
8.449128	7.801121	17.47957	123.2445	32.72298	11.1998	140.2764	22.55956	4.92986	150.0027	19.47039	5.174189	111.1421	58.68864	90	True	True
8.449128	7.801121	17.47957	123.2445	32.72298	11.1998	140.2764	22.55956	4.92986	150.0027	19.47039	5.174189	111.1421	58.68864	90	True	True
8.533522	7.569659	17.46782	121.8879	34.00152	11.24284	140.0541	22.79947	4.955036	150.248	19.35955	5.197316	112.2527	57.54731	90	True	True
8.533522	7.569659	17.46782	121.8879	34.00152	11.24284	140.0541	22.79947	4.955036	150.248	19.35955	5.197316	112.2527	57.54731	90	True	True
8.533522	7.569659	17.46782	121.8879	34.00152	11.24284	140.0541	22.79947	4.955036	150.248	19.35955	5.197316	112.2527	57.54731	90	True	True
8.533522	7.569659	17.46782	121.8879	34.00152	11.24284	140.0541	22.79947	4.955036	150.248	19.35955	5.197316	112.2527	57.54731	90	True	True
8.533522	7.569659	17.46782	121.8879	34.00152	11.24284	140.0541	22.79947	4.955036	150.248	19.35955	5.197316	112.2527	57.54731	90	True	True
8.282964	7.423165	17.38237	123.3218	32.48001	11.11962	139.9787	22.67979	4.851708	149.2614	20.25007	5.260222	111.9757	57.70169	90	True	True
8.282964	7.423165	17.38237	123.3218	32.48001	11.11962	139.9787	22.67979	4.851708	149.2614	20.25007	5.260222	111.9757	57.70169	90	True	True
8.282964	7.423165	17.38237	123.3218	32.48001	11.11962	139.9787	22.67979	4.851708	149.2614	20.25007	5.260222	111.9757	57.70169	90	True	True
8.282964	7.423165	17.38237	123.3218	32.48001	11.11962	139.9787	22.67979	4.851708	149.2614	20.25007	5.260222	111.9757	57.70169	90	True	True
8.282964	7.423165	17.38237	123.3218	32.48001	11.11962	139.9787	22.67979	4.851708	149.2614	20.25007	5.260222	111.9757	57.70169	90	True	True
8.512922	7.237548	17.32396	123.5249	32.34129	11.16391	140.3011	22.4803	4.879658	149.4667	20.14785	5.233379	112.9792	56.78542	90	True	True
8.512922	7.237548	17.32396	123.5249	32.34129	11.16391	140.3011	22.4803	4.879658	149.4667	20.14785	5.233379	112.9792	56.78542	90	True	True
8.512922	7.237548	17.32396	123.5249	32.34129	11.16391	140.3011	22.4803	4.879658	149.4667	20.14785	5.233379	112.9792	56.78542	90	True	True
8.512922	7.237548	17.32396	123.5249	32.34129	11.16391	140.3011	22.4803	4.879658	149.4667	20.14785	5.233379	112.9792	56.78542	90	True	True
8.512922	7.237548	17.32396	123.5249	32.34129	11.16391	140.3011	22.4803	4.879658	149.4667	20.14785	5.233379	112.9792	56.78542	90	True	True
8.381878	8.007775	17.47943	123.6512	32.36847	11.23304	140.0666	22.79356	4.993121	149.7358	19.94408	5.116611	110.8828	58.97766	90	True	True
8.381878	8.007775	17.47943	123.6512	32.36847	11.23304	140.0666	22.79356	4.993121	149.7358	19.94408	5.116611	110.8828	58.97766	90	True	True
8.381878	8.007775	17.47943	123.6512	32.36847	11.23304	140.0666	22.79356	4.993121	149.7358	19.94408	5.116611	110.8828	58.97766	90	True	True
8.381878	8.007775	17.47943	123.6512	32.36847	11.23304	140.0666	22.79356	4.993121	149.7358	19.94408	5.116611	110.8828	58.97766	90	True	True
8.381878	8.007775	17.47943	123.6512	32.36847	11.23304	140.0666	22.79356	4.993121	149.7358	19.94408	5.116611	110.8828	58.97766	90	True	True
8.381878	8.007775	17.47943	123.6512	32.36847	11.23304	140.0666	22.79356	4.993121	149.7358	19.94408	5.116611	110.8828	58.97766	90	True	True
8.639062	7.676798	17.437	122.2664	33.61331	11.22415	140.1235	22.64569	4.99614	149.8559	19.6968	5.042517	112.063	57.74032	90	True	True
8.639062	7.676798	17.437	122.2664	33.61331	11.22415	140.1235	22.64569	4.99614	149.8559	19.6968	5.042517	112.063	57.74032	90	True	True
8.639062	7.676798	17.437	122.2664	33.61331	11.22415	140.1235	22.64569	4.99614	149.8559	19.6968	5.042517	112.063	57.74032	90	True	True
8.639062	7.676798	17.437	122.2664	33.61331	11.22415	140.1235	22.64569	4.99614	149.8559	19.6968	5.042517	112.063	57.74032	90	True	True
8.639062	7.676798	17.437	122.2664	33.61331	11.22415	140.1235	22.64569	4.99614	149.8559	19.6968	5.042517	112.063	57.74032	90	True	True
8.488785	7.457877	17.39032	122.7842	33.05433	11.22829	139.8594	22.74608	5.144751	148.8113	20.25653	4.987356	107.8496	61.41595	90	True	True
8.488785	7.457877	17.39032	122.7842	33.05433	11.22829	139.8594	22.74608	5.144751	148.8113	20.25653	4.987356	107.8496	61.41595	90	True	True
8.488785	7.457877	17.39032	122.7842	33.05433	11.22829	139.8594	22.74608	5.144751	148.8113	20.25653	4.987356	107.8496	61.41595	90	True	True
8.488785	7.457877	17.39032	122.7842	33.05433	11.22829	139.8594	22.74608	5.144751	148.8113	20.25653	4.987356	107.8496	61.41595	90	True	True
8.669143	7.31574	17.45498	123.9123	32.18581	11.12783	141.1044	21.94168	4.792969	150.8702	18.9647	5.230907	115.1297	54.81151	90	True	True
8.669143	7.31574	17.45498	123.9123	32.18581	11.12783	141.1044	21.94168	4.792969	150.8702	18.9647	5.230907	115.1297	54.81151	90	True	True
8.669143	7.31574	17.45498	123.9123	32.18581	11.12783	141.1044	21.94168	4.792969	150.8702	18.9647	5.230907	115.1297	54.81151	90	True	True
8.669143	7.31574	17.45498	123.9123	32.18581	11.12783	141.1044	21.94168	4.792969	150.8702	18.9647	5.230907	115.1297	54.81151	90	True	True
8.669143	7.31574	17.45498	123.9123	32.18581	11.12783	141.1044	21.94168	4.792969	150.8702	18.9647	5.230907	115.1297	54.81151	90	True	True
8.684524	7.559537	17.55477	122.0684	33.89221	11.19919	140.7127	22.20382	4.772123	150.9447	18.92593	5.367647	116.4312	53.72368	90	True	True
8.684524	7.559537	17.55477	122.0684	33.89221	11.19919	140.7127	22.20382	4.772123	150.9447	18.92593	5.367647	116.4312	53.72368	90	True	True
8.684524	7.559537	17.55477	122.0684	33.89221	11.19919	140.7127	22.20382	4.772123	150.9447	18.92593	5.367647	116.4312	53.72368	90	True	True
8.684524	7.559537	17.55477	122.0684	33.89221	11.19919	140.7127	22.20382	4.772123	150.9447	18.92593	5.367647	116.4312	53.72368	90	True	True
8.684524	7.559537	17.55477	122.0684	33.89221	11.19919	140.7127	22.20382	4.772123	150.9447	18.92593	5.367647	116.4312	53.72368	90	True	True
8.510983	7.499363	17.33649	124.07	32.11881	11.02262	140.84	22.28857	4.660217	151.1715	18.80949	5.214091	114.2253	55.80148	90	True	True
8.510983	7.499363	17.33649	124.07	32.11881	11.02262	140.84	22.28857	4.660217	151.1715	18.80949	5.214091	114.2253	55.80148	90	True	True
8.510983	7.499363	17.33649	124.07	32.11881	11.02262	140.84	22.28857	4.660217	151.1715	18.80949	5.214091	114.2253	55.80148	90	True	True
8.510983	7.499363	17.33649	124.07	32.11881	11.02262	140.84	22.28857	4.660217	151.1715	18.80949	5.214091	114.2253	55.80148	90	True	True
8.732841	6.809077	17.41146	123.2256	32.96295	11.15925	141.3917	21.89528	4.780033	151.505	18.63832	5.322773	115.8498	54.39779	90	True	True
8.732841	6.809077	17.41146	123.2256	32.96295	11.15925	141.3917	21.89528	4.780033	151.505	18.63832	5.322773	115.8498	54.39779	90	True	True
8.732841	6.809077	17.41146	123.2256	32.96295	11.15925	141.3917	21.89528	4.780033	151.505	18.63832	5.322773	115.8498	54.39779	90	True	True
8.732841	6.809077	17.41146	123.2256	32.96295	11.15925	141.3917	21.89528	4.780033	151.505	18.63832	5.322773	115.8498	54.39779	90	True	True
8.771923	7.014666	17.40714	122.4899	33.50525	11.09856	141.2623	21.74617	4.732836	151.4791	18.47053	5.411606	117.9316	52.26155	90	True	True
8.771923	7.014666	17.40714	122.4899	33.50525	11.09856	141.2623	21.74617	4.732836	151.4791	18.47053	5.411606	117.9316	52.26155	90	True	True
8.771923	7.014666	17.40714	122.4899	33.50525	11.09856	141.2623	21.74617	4.732836	151.4791	18.47053	5.411606	117.9316	52.26155	90	True	True
8.771923	7.014666	17.40714	122.4899	33.50525	11.09856	141.2623	21.74617	4.732836	151.4791	18.47053	5.411606	117.9316	52.26155	90	True	True
8.644294	7.670869	17.35449	122.417	33.74446	11.10005	141.0501	22.18383	4.673782	151.4402	18.75781	5.35273	115.1196	55.18059	90	True	True
8.644294	7.670869	17.35449	122.417	33.74446	11.10005	141.0501	22.18383	4.673782	151.4402	18.75781	5.35273	115.1196	55.18059	90	True	True
8.644294	7.670869	17.35449	122.417	33.74446	11.10005	141.0501	22.18383	4.673782	151.4402	18.75781	5.35273	115.1196	55.18059	90	True	True
8.644294	7.670869	17.35449	122.417	33.74446	11.10005	141.0501	22.18383	4.673782	151.4402	18.75781	5.35273	115.1196	55.18059	90	True	True
8.644294	7.670869	17.35449	122.417	33.74446	11.10005	141.0501	22.18383	4.673782	151.4402	18.75781	5.35273	115.1196	55.18059	90	True	True
8.551035	8.01466	17.27686	124.7924	31.55167	11.00998	141.7615	21.39808	4.610617	151.5946	18.38857	5.279975	116.309	53.71569	90	True	True
8.551035	8.01466	17.27686	124.7924	31.55167	11.00998	141.7615	21.39808	4.610617	151.5946	18.38857	5.279975	116.309	53.71569	90	True	True
8.551035	8.01466	17.27686	124.7924	31.55167	11.00998	141.7615	21.39808	4.610617	151.5946	18.38857	5.279975	116.309	53.71569	90	True	True
8.551035	8.01466	17.27686	124.7924	31.55167	11.00998	141.7615	21.39808	4.610617	151.5946	18.38857	5.279975	116.309	53.71569	90	True	True
8.586319	7.667741	17.41478	122.9765	33.13615	11.13391	140.7751	22.37195	4.643797	151.3971	18.689	5.277667	118.2799	52.23183	90	True	True
8.586319	7.667741	17.41478	122.9765	33.13615	11.13391	140.7751	22.37195	4.643797	151.3971	18.689	5.277667	118.2799	52.23183	90	True	True
8.586319	7.667741	17.41478	122.9765	33.13615	11.13391	140.7751	22.37195	4.643797	151.3971	18.689	5.277667	118.2799	52.23183	90	True	True
8.586319	7.667741	17.41478	122.9765	33.13615	11.13391	140.7751	22.37195	4.643797	151.3971	18.689	5.277667	118.2799	52.23183	90	True	True
8.326171	7.496904	17.3312	122.2122	33.77501	11.15567	140.6506	22.32585	4.708274	150.8296	19.14112	5.378835	114.8582	55.36928	90	True	True
8.326171	7.496904	17.3312	122.2122	33.77501	11.15567	140.6506	22.32585	4.708274	150.8296	19.14112	5.378835	114.8582	55.36928	90	True	True
8.326171	7.496904	17.3312	122.2122	33.77501	11.15567	140.6506	22.32585	4.708274	150.8296	19.14112	5.378835	114.8582	55.36928	90	True	True
8.326171	7.496904	17.3312	122.2122	33.77501	11.15567	140.6506	22.32585	4.708274	150.8296	19.14112	5.378835	114.8582	55.36928	90	True	True
8.326171	7.496904	17.3312	122.2122	33.77501	11.15567	140.6506	22.32585	4.708274	150.8296	19.14112	5.378835	114.8582	55.36928	90	True	True
8.489617	8.55169	17.3528	123.6241	32.4342	11.04091	140.0272	22.78197	4.629946	150.377	19.32849	5.210826	112.4838	57.33364	90	True	True
8.489617	8.55169	17.3528	123.6241	32.4342	11.04091	140.0272	22.78197	4.629946	150.377	19.32849	5.210826	112.4838	57.33364	90	True	True
8.489617	8.55169	17.3528	123.6241	32.4342	11.04091	140.0272	22.78197	4.629946	150.377	19.32849	5.210826	112.4838	57.33364	90	True	True
8.489617	8.55169	17.3528	123.6241	32.4342	11.04091	140.0272	22.78197	4.629946	150.377	19.32849	5.210826	112.4838	57.33364	90	True	True
8.340282	8.27683	17.43801	123.7285	32.36359	11.1469	140.1122	22.75794	4.781221	150.3138	19.34092	5.177372	111.8975	57.80496	90	True	True
8.340282	8.27683	17.43801	123.7285	32.36359	11.1469	140.1122	22.75794	4.781221	150.3138	19.34092	5.177372	111.8975	57.80496	90	True	True
8.340282	8.27683	17.43801	123.7285	32.36359	11.1469	140.1122	22.75794	4.781221	150.3138	19.34092	5.177372	111.8975	57.80496	90	True	True
8.340282	8.27683	17.43801	123.7285	32.36359	11.1469	140.1122	22.75794	4.781221	150.3138	19.34092	5.177372	111.8975	57.80496	90	True	True
8.349271	8.442572	17.22281	124.0113	32.20633	11.00418	140.708	22.27017	4.674615	149.825	19.89219	5.351446	113.482	56.48291	90	True	True
8.349271	8.442572	17.22281	124.0113	32.20633	11.00418	140.708	22.27017	4.674615	149.825	19.89219	5.351446	113.482	56.48291	90	True	True
8.349271	8.442572	17.22281	124.0113	32.20633	11.00418	140.708	22.27017	4.674615	149.825	19.89219	5.351446	113.482	56.48291	90	True	True
8.349271	8.442572	17.22281	124.0113	32.20633	11.00418	140.708	22.27017	4.674615	149.825	19.89219	5.351446	113.482	56.48291	90	True	True
8.349271	8.442572	17.22281	124.0113	32.20633	11.00418	140.708	22.27017	4.674615	149.825	19.89219	5.351446	113.482	56.48291	90	True	True
8.481791	8.748441	17.31142	122.8615	33.13153	10.96686	139.8159	22.95223	4.676965	149.5432	20.05561	5.264662	113.314	56.65294	90	True	True
8.481791	8.748441	17.31142	122.8615	33.13153	10.96686	139.8159	22.95223	4.676965	149.5432	20.05561	5.264662	113.314	56.65294	90	True	True
8.481791	8.748441	17.31142	122.8615	33.13153	10.96686	139.8159	22.95223	4.676965	149.5432	20.05561	5.264662	113.314	56.65294	90	True	True
8.481791	8.748441	17.31142	122.8615	33.13153	10.96686	139.8159	22.95223	4.676965	149.5432	20.05561	5.264662	113.314	56.65294	90	True	True
8.481791	8.748441	17.31142	122.8615	33.13153	10.96686	139.8159	22.95223	4.676965	149.5432	20.05561	5.264662	113.314	56.65294	90	True	True
8.204826	8.281543	17.49294	123.3869	32.70811	11.18228	140.1661	22.7908	4.778188	150.1124	19.66537	5.284797	114.4382	55.68203	90	True	True
8.204826	8.281543	17.49294	123.3869	32.70811	11.18228	140.1661	22.7908	4.778188	150.1124	19.66537	5.284797	114.4382	55.68203	90	True	True
8.204826	8.281543	17.49294	123.3869	32.70811	11.18228	140.1661	22.7908	4.778188	150.1124	19.66537	5.284797	114.4382	55.68203	90	True	True
8.204826	8.281543	17.49294	123.3869	32.70811	11.18228	140.1661	22.7908	4.778188	150.1124	19.66537	5.284797	114.4382	55.68203	90	True	True
8.200414	8.155307	17.42419	123.561	32.61494	11.16029	140.4257	22.6201	4.735486	150.353	19.53414	5.299414	113.6248	56.44707	90	True	True
8.200414	8.155307	17.42419	123.561	32.61494	11.16029	140.4257	22.6201	4.735486	150.353	19.53414	5.299414	113.6248	56.44707	90	True	True
8.200414	8.155307	17.42419	123.561	32.61494	11.16029	140.4257	22.6201	4.735486	150.353	19.53414	5.299414	113.6248	56.44707	90	True	True
8.200414	8.155307	17.42419	123.561	32.61494	11.16029	140.4257	22.6201	4.735486	150.353	19.53414	5.299414	113.6248	56.44707	90	True	True
8.200414	8.155307	17.42419	123.561	32.61494	11.16029	140.4257	22.6201	4.735486	150.353	19.53414	5.299414	113.6248	56.44707	90	True	True
8.375335	8.447434	17.46466	122.4034	33.57144	11.05405	139.7893	23.01999	4.724093	150.2468	19.33082	5.28309	113.8782	56.1344	90	True	True
8.375335	8.447434	17.46466	122.4034	33.57144	11.05405	139.7893	23.01999	4.724093	150.2468	19.33082	5.28309	113.8782	56.1344	90	True	True
8.375335	8.447434	17.46466	122.4034	33.57144	11.05405	139.7893	23.01999	4.724093	150.2468	19.33082	5.28309	113.8782	56.1344	90	True	True
8.375335	8.447434	17.46466	122.4034	33.57144	11.05405	139.7893	23.01999	4.724093	150.2468	19.33082	5.28309	113.8782	56.1344	90	True	True
8.375335	8.447434	17.46466	122.4034	33.57144	11.05405	139.7893	23.01999	4.724093	150.2468	19.33082	5.28309	113.8782	56.1344	90	True	True
8.375335	8.447434	17.46466	122.4034	33.57144	11.05405	139.7893	23.01999	4.724093	150.2468	19.33082	5.28309	113.8782	56.1344	90	True	True
8.513592	8.136511	17.40458	123.2073	32.8917	11.0047	140.2267	22.51514	4.627064	150.5228	18.95466	5.331857	112.4748	57.21296	90	True	True
8.513592	8.136511	17.40458	123.2073	32.8917	11.0047	140.2267	22.51514	4.627064	150.5228	18.95466	5.331857	112.4748	57.21296	90	True	True
8.513592	8.136511	17.40458	123.2073	32.8917	11.0047	140.2267	22.51514	4.627064	150.5228	18.95466	5.331857	112.4748	57.21296	90	True	True
8.513592	8.136511	17.40458	123.2073	32.8917	11.0047	140.2267	22.51514	4.627064	150.5228	18.95466	5.331857	112.4748	57.21296	90	True	True
8.100625	7.881266	17.43722	121.445	34.22623	11.12246	139.1272	23.35966	4.776918	149.8647	19.51428	5.280262	113.4647	56.38354	90	True	True
8.100625	7.881266	17.43722	121.445	34.22623	11.12246	139.1272	23.35966	4.776918	149.8647	19.51428	5.280262	113.4647	56.38354	90	True	True
8.100625	7.881266	17.43722	121.445	34.22623	11.12246	139.1272	23.35966	4.776918	149.8647	19.51428	5.280262	113.4647	56.38354	90	True	True
8.100625	7.881266	17.43722	121.445	34.22623	11.12246	139.1272	23.35966	4.776918	149.8647	19.51428	5.280262	113.4647	56.38354	90	True	True
8.342823	7.554401	17.48983	123.6174	32.4074	11.10737	141.2317	21.58551	4.68579	151.244	18.22775	5.287242	115.0353	54.65586	90	True	True
8.342823	7.554401	17.48983	123.6174	32.4074	11.10737	141.2317	21.58551	4.68579	151.244	18.22775	5.287242	115.0353	54.65586	90	True	True
8.342823	7.554401	17.48983	123.6174	32.4074	11.10737	141.2317	21.58551	4.68579	151.244	18.22775	5.287242	115.0353	54.65586	90	True	True
8.342823	7.554401	17.48983	123.6174	32.4074	11.10737	141.2317	21.58551	4.68579	151.244	18.22775	5.287242	115.0353	54.65586	90	True	True
8.342823	7.554401	17.48983	123.6174	32.4074	11.10737	141.2317	21.58551	4.68579	151.244	18.22775	5.287242	115.0353	54.65586	90	True	True
8.370813	7.429859	17.44644	123.3407	32.61699	11.15224	140.2908	22.6377	4.705228	151.2339	18.78665	5.261452	120.019	50.69246	90	True	True
8.370813	7.429859	17.44644	123.3407	32.61699	11.15224	140.2908	22.6377	4.705228	151.2339	18.78665	5.261452	120.019	50.69246	90	True	True
8.370813	7.429859	17.44644	123.3407	32.61699	11.15224	140.2908	22.6377	4.705228	151.2339	18.78665	5.261452	120.019	50.69246	90	True	True
8.370813	7.429859	17.44644	123.3407	32.61699	11.15224	140.2908	22.6377	4.705228	151.2339	18.78665	5.261452	120.019	50.69246	90	True	True
8.370813	7.429859	17.44644	123.3407	32.61699	11.15224	140.2908	22.6377	4.705228	151.2339	18.78665	5.261452	120.019	50.69246	90	True	True
8.532689	7.725647	17.47076	121.0636	34.55035	11.30428	140.0224	22.54444	4.918877	150.0413	19.37665	5.28324	113.0229	56.66662	90	True	True
8.532689	7.725647	17.47076	121.0636	34.55035	11.30428	140.0224	22.54444	4.918877	150.0413	19.37665	5.28324	113.0229	56.66662	90	True	True
8.532689	7.725647	17.47076	121.0636	34.55035	11.30428	140.0224	22.54444	4.918877	150.0413	19.37665	5.28324	113.0229	56.66662	90	True	True
8.532689	7.725647	17.47076	121.0636	34.55035	11.30428	140.0224	22.54444	4.918877	150.0413	19.37665	5.28324	113.0229	56.66662	90	True	True
8.532689	7.725647	17.47076	121.0636	34.55035	11.30428	140.0224	22.54444	4.918877	150.0413	19.37665	5.28324	113.0229	56.66662	90	True	True
8.532689	7.725647	17.47076	121.0636	34.55035	11.30428	140.0224	22.54444	4.918877	150.0413	19.37665	5.28324	113.0229	56.66662	90	True	True
8.200113	7.488913	17.67257	122.4592	33.48173	11.38048	140.469	22.65532	4.89269	151.2166	18.83093	5.183191	118.0424	52.41813	90	True	True
8.200113	7.488913	17.67257	122.4592	33.48173	11.38048	140.469	22.65532	4.89269	151.2166	18.83093	5.183191	118.0424	52.41813	90	True	True
8.200113	7.488913	17.67257	122.4592	33.48173	11.38048	140.469	22.65532	4.89269	151.2166	18.83093	5.183191	118.0424	52.41813	90	True	True
8.200113	7.488913	17.67257	122.4592	33.48173	11.38048	140.469	22.65532	4.89269	151.2166	18.83093	5.183191	118.0424	52.41813	90	True	True
8.565446	6.625454	17.47395	121.5672	34.17295	11.29941	140.6539	22.10723	4.885996	150.4683	19.06346	5.309058	114.211	55.53779	90	True	True
8.565446	6.625454	17.47395	121.5672	34.17295	11.29941	140.6539	22.10723	4.885996	150.4683	19.06346	5.309058	114.211	55.53779	90	True	True
8.565446	6.625454	17.47395	121.5672	34.17295	11.29941	140.6539	22.10723	4.885996	150.4683	19.06346	5.309058	114.211	55.53779	90	True	True
8.565446	6.625454	17.47395	121.5672	34.17295	11.29941	140.6539	22.10723	4.885996	150.4683	19.06346	5.309058	114.211	55.53779	90	True	True
8.565446	6.625454	17.47395	121.5672	34.17295	11.29941	140.6539	22.10723	4.885996	150.4683	19.06346	5.309058	114.211	55.53779	90	True	True
8.565446	6.625454	17.47395	121.5672	34.17295	11.29941	140.6539	22.10723	4.885996	150.4683	19.06346	5.309058	114.211	55.53779	90	True	True
8.39905	7.070632	17.58151	120.7692	34.86252	11.32513	139.8876	22.88092	4.895326	150.3967	19.30592	5.272995	115.6618	54.41698	90	True	True
8.39905	7.070632	17.58151	120.7692	34.86252	11.32513	139.8876	22.88092	4.895326	150.3967	19.30592	5.272995	115.6618	54.41698	90	True	True
8.39905	7.070632	17.58151	120.7692	34.86252	11.32513	139.8876	22.88092	4.895326	150.3967	19.30592	5.272995	115.6618	54.41698	90	True	True
8.39905	7.070632	17.58151	120.7692	34.86252	11.32513	139.8876	22.88092	4.895326	150.3967	19.30592	5.272995	115.6618	54.41698	90	True	True
8.368983	6.96475	17.51526	119.2649	36.22147	11.34522	139.0862	23.62758	4.964707	149.462	20.1386	5.375857	111.1916	58.65396	90	True	True
8.368983	6.96475	17.51526	119.2649	36.22147	11.34522	139.0862	23.62758	4.964707	149.462	20.1386	5.375857	111.1916	58.65396	90	True	True
8.368983	6.96475	17.51526	119.2649	36.22147	11.34522	139.0862	23.62758	4.964707	149.462	20.1386	5.375857	111.1916	58.65396	90	True	True
8.368983	6.96475	17.51526	119.2649	36.22147	11.34522	139.0862	23.62758	4.964707	149.462	20.1386	5.375857	111.1916	58.65396	90	True	True
8.349243	6.829403	17.49417	120.6863	35.1186	11.26045	139.8267	22.99587	4.860957	150.1045	19.56735	5.467518	110.6462	59.07685	90	True	True
8.349243	6.829403	17.49417	120.6863	35.1186	11.26045	139.8267	22.99587	4.860957	150.1045	19.56735	5.467518	110.6462	59.07685	90	True	True
8.349243	6.829403	17.49417	120.6863	35.1186	11.26045	139.8267	22.99587	4.860957	150.1045	19.56735	5.467518	110.6462	59.07685	90	True	True
8.349243	6.829403	17.49417	120.6863	35.1186	11.26045	139.8267	22.99587	4.860957	150.1045	19.56735	5.467518	110.6462	59.07685	90	True	True
8.349243	6.829403	17.49417	120.6863	35.1186	11.26045	139.8267	22.99587	4.860957	150.1045	19.56735	5.467518	110.6462	59.07685	90	True	True
8.349243	6.829403	17.49417	120.6863	35.1186	11.26045	139.8267	22.99587	4.860957	150.1045	19.56735	5.467518	110.6462	59.07685	90	True	True
8.696259	7.306342	17.59684	118.8839	36.71786	11.37035	140.0874	22.86118	4.945938	150.4984	19.35649	5.426715	110.4027	59.37408	90	True	True
8.696259	7.306342	17.59684	118.8839	36.71786	11.37035	140.0874	22.86118	4.945938	150.4984	19.35649	5.426715	110.4027	59.37408	90	True	True
8.696259	7.306342	17.59684	118.8839	36.71786	11.37035	140.0874	22.86118	4.945938	150.4984	19.35649	5.426715	110.4027	59.37408	90	True	True
8.696259	7.306342	17.59684	118.8839	36.71786	11.37035	140.0874	22.86118	4.945938	150.4984	19.35649	5.426715	110.4027	59.37408	90	True	True
8.559832	7.115875	17.57072	119.4729	36.11794	11.24927	140.2157	22.62426	4.848444	150.6436	19.09786	5.453585	113.4875	56.45229	90	True	True
8.559832	7.115875	17.57072	119.4729	36.11794	11.24927	140.2157	22.62426	4.848444	150.6436	19.09786	5.453585	113.4875	56.45229	90	True	True
8.559832	7.115875	17.57072	119.4729	36.11794	11.24927	140.2157	22.62426	4.848444	150.6436	19.09786	5.453585	113.4875	56.45229	90	True	True
8.559832	7.115875	17.57072	119.4729	36.11794	11.24927	140.2157	22.62426	4.848444	150.6436	19.09786	5.453585	113.4875	56.45229	90	True	True
8.559832	7.115875	17.57072	119.4729	36.11794	11.24927	140.2157	22.62426	4.848444	150.6436	19.09786	5.453585	113.4875	56.45229	90	True	True
8.559832	7.115875	17.57072	119.4729	36.11794	11.24927	140.2157	22.62426	4.848444	150.6436	19.09786	5.453585	113.4875	56.45229	90	True	True
8.460234	7.163823	17.63842	119.2348	36.27668	11.33204	140.3816	22.52861	4.955309	150.9225	18.88807	5.442985	116.3297	53.85806	90	True	True
8.460234	7.163823	17.63842	119.2348	36.27668	11.33204	140.3816	22.52861	4.955309	150.9225	18.88807	5.442985	116.3297	53.85806	90	True	True
8.460234	7.163823	17.63842	119.2348	36.27668	11.33204	140.3816	22.52861	4.955309	150.9225	18.88807	5.442985	116.3297	53.85806	90	True	True
8.460234	7.163823	17.63842	119.2348	36.27668	11.33204	140.3816	22.52861	4.955309	150.9225	18.88807	5.442985	116.3297	53.85806	90	True	True
8.502158	7.18236	17.50023	119.7589	35.89538	11.30237	140.2877	22.48928	4.97666	150.3624	19.28796	5.433245	114.375	55.50749	90	True	True
8.502158	7.18236	17.50023	119.7589	35.89538	11.30237	140.2877	22.48928	4.97666	150.3624	19.28796	5.433245	114.375	55.50749	90	True	True
8.502158	7.18236	17.50023	119.7589	35.89538	11.30237	140.2877	22.48928	4.97666	150.3624	19.28796	5.433245	114.375	55.50749	90	True	True
8.502158	7.18236	17.50023	119.7589	35.89538	11.30237	140.2877	22.48928	4.97666	150.3624	19.28796	5.433245	114.375	55.50749	90	True	True
8.502158	7.18236	17.50023	119.7589	35.89538	11.30237	140.2877	22.48928	4.97666	150.3624	19.28796	5.433245	114.375	55.50749	90	True	True
8.471245	6.583831	17.6255	118.9419	36.62623	11.38901	139.5608	23.24941	4.909792	149.6472	19.98698	5.414898	110.3358	59.34274	90	True	True
8.471245	6.583831	17.6255	118.9419	36.62623	11.38901	139.5608	23.24941	4.909792	149.6472	19.98698	5.414898	110.3358	59.34274	90	True	True
8.471245	6.583831	17.6255	118.9419	36.62623	11.38901	139.5608	23.24941	4.909792	149.6472	19.98698	5.414898	110.3358	59.34274	90	True	True
8.471245	6.583831	17.6255	118.9419	36.62623	11.38901	139.5608	23.24941	4.909792	149.6472	19.98698	5.414898	110.3358	59.34274	90	True	True
8.471245	6.583831	17.6255	118.9419	36.62623	11.38901	139.5608	23.24941	4.909792	149.6472	19.98698	5.414898	110.3358	59.34274	90	True	True
8.582562	6.367164	17.37463	121.8654	33.96688	11.23283	140.7843	22.11851	4.934832	149.9797	19.7313	5.26626	114.4654	55.33308	90	True	True
8.582562	6.367164	17.37463	121.8654	33.96688	11.23283	140.7843	22.11851	4.934832	149.9797	19.7313	5.26626	114.4654	55.33308	90	True	True
8.582562	6.367164	17.37463	121.8654	33.96688	11.23283	140.7843	22.11851	4.934832	149.9797	19.7313	5.26626	114.4654	55.33308	90	True	True
8.582562	6.367164	17.37463	121.8654	33.96688	11.23283	140.7843	22.11851	4.934832	149.9797	19.7313	5.26626	114.4654	55.33308	90	True	True
8.582562	6.367164	17.37463	121.8654	33.96688	11.23283	140.7843	22.11851	4.934832	149.9797	19.7313	5.26626	114.4654	55.33308	90	True	True
8.428829	6.637202	17.61588	121.0759	34.58097	11.3377	140.1177	22.75939	4.946402	150.1645	19.66836	5.246835	114.3892	55.71856	90	True	True
8.428829	6.637202	17.61588	121.0759	34.58097	11.3377	140.1177	22.75939	4.946402	150.1645	19.66836	5.246835	114.3892	55.71856	90	True	True
8.428829	6.637202	17.61588	121.0759	34.58097	11.3377	140.1177	22.75939	4.946402	150.1645	19.66836	5.246835	114.3892	55.71856	90	True	True
8.428829	6.637202	17.61588	121.0759	34.58097	11.3377	140.1177	22.75939	4.946402	150.1645	19.66836	5.246835	114.3892	55.71856	90	True	True
8.428829	6.637202	17.61588	121.0759	34.58097	11.3377	140.1177	22.75939	4.946402	150.1645	19.66836	5.246835	114.3892	55.71856	90	True	True
8.428829	6.637202	17.61588	121.0759	34.58097	11.3377	140.1177	22.75939	4.946402	150.1645	19.66836	5.246835	114.3892	55.71856	90	True	True
8.389555	6.436818	17.31089	121.0296	34.44337	11.17103	140.0294	22.45053	4.986919	150.2451	19.23848	5.377851	115.8446	53.97204	90	True	True
8.389555	6.436818	17.31089	121.0296	34.44337	11.17103	140.0294	22.45053	4.986919	150.2451	19.23848	5.377851	115.8446	53.97204	90	True	True
8.389555	6.436818	17.31089	121.0296	34.44337	11.17103	140.0294	22.45053	4.986919	150.2451	19.23848	5.377851	115.8446	53.97204	90	True	True
8.389555	6.436818	17.31089	121.0296	34.44337	11.17103	140.0294	22.45053	4.986919	150.2451	19.23848	5.377851	115.8446	53.97204	90	True	True
8.3505	7.794701	17.5674	119.4456	35.95315	11.21571	138.7367	23.62112	4.869686	148.8297	20.40305	5.346282	110.5005	59.09118	90	True	True
8.3505	7.794701	17.5674	119.4456	35.95315	11.21571	138.7367	23.62112	4.869686	148.8297	20.40305	5.346282	110.5005	59.09118	90	True	True
8.3505	7.794701	17.5674	119.4456	35.95315	11.21571	138.7367	23.62112	4.869686	148.8297	20.40305	5.346282	110.5005	59.09118	90	True	True
8.3505	7.794701	17.5674	119.4456	35.95315	11.21571	138.7367	23.62112	4.869686	148.8297	20.40305	5.346282	110.5005	59.09118	90	True	True
8.3505	7.794701	17.5674	119.4456	35.95315	11.21571	138.7367	23.62112	4.869686	148.8297	20.40305	5.346282	110.5005	59.09118	90	True	True
8.184049	7.588401	17.5797	120.2374	35.33383	11.27392	139.2265	23.22548	4.925611	149.712	19.75141	5.243065	112.8773	57.01001	90	True	True
8.184049	7.588401	17.5797	120.2374	35.33383	11.27392	139.2265	23.22548	4.925611	149.712	19.75141	5.243065	112.8773	57.01001	90	True	True
8.184049	7.588401	17.5797	120.2374	35.33383	11.27392	139.2265	23.22548	4.925611	149.712	19.75141	5.243065	112.8773	57.01001	90	True	True
8.184049	7.588401	17.5797	120.2374	35.33383	11.27392	139.2265	23.22548	4.925611	149.712	19.75141	5.243065	112.8773	57.01001	90	True	True
8.184049	7.588401	17.5797	120.2374	35.33383	11.27392	139.2265	23.22548	4.925611	149.712	19.75141	5.243065	112.8773	57.01001	90	True	True
8.655865	6.906038	17.31075	122.1918	33.38824	11.08008	140.1376	22.30833	4.82044	149.5721	19.67233	5.35829	113.0413	56.49552	90	True	True
8.655865	6.906038	17.31075	122.1918	33.38824	11.08008	140.1376	22.30833	4.82044	149.5721	19.67233	5.35829	113.0413	56.49552	90	True	True
8.655865	6.906038	17.31075	122.1918	33.38824	11.08008	140.1376	22.30833	4.82044	149.5721	19.67233	5.35829	113.0413	56.49552	90	True	True
8.655865	6.906038	17.31075	122.1918	33.38824	11.08008	140.1376	22.30833	4.82044	149.5721	19.67233	5.35829	113.0413	56.49552	90	True	True
8.516406	7.30167	17.60848	121.8125	33.88385	11.25026	139.5805	23.0481	4.897211	149.8453	19.58642	5.26391	116.4808	53.69823	90	True	True
8.516406	7.30167	17.60848	121.8125	33.88385	11.25026	139.5805	23.0481	4.897211	149.8453	19.58642	5.26391	116.4808	53.69823	90	True	True
8.516406	7.30167	17.60848	121.8125	33.88385	11.25026	139.5805	23.0481	4.897211	149.8453	19.58642	5.26391	116.4808	53.69823	90	True	True
8.516406	7.30167	17.60848	121.8125	33.88385	11.25026	139.5805	23.0481	4.897211	149.8453	19.58642	5.26391	116.4808	53.69823	90	True	True
8.516406	7.30167	17.60848	121.8125	33.88385	11.25026	139.5805	23.0481	4.897211	149.8453	19.58642	5.26391	116.4808	53.69823	90	True	True
8.631644	6.770541	17.39795	121.555	33.92802	11.1623	140.1872	22.25865	4.891611	150.0065	19.31336	5.33168	117.8727	52.15931	90	True	True
8.631644	6.770541	17.39795	121.555	33.92802	11.1623	140.1872	22.25865	4.891611	150.0065	19.31336	5.33168	117.8727	52.15931	90	True	True
8.631644	6.770541	17.39795	121.555	33.92802	11.1623	140.1872	22.25865	4.891611	150.0065	19.31336	5.33168	117.8727	52.15931	90	True	True
8.631644	6.770541	17.39795	121.555	33.92802	11.1623	140.1872	22.25865	4.891611	150.0065	19.31336	5.33168	117.8727	52.15931	90	True	True
8.631644	6.770541	17.39795	121.555	33.92802	11.1623	140.1872	22.25865	4.891611	150.0065	19.31336	5.33168	117.8727	52.15931	90	True	True
8.631644	6.770541	17.39795	121.555	33.92802	11.1623	140.1872	22.25865	4.891611	150.0065	19.31336	5.33168	117.8727	52.15931	90	True	True
8.298263	6.863896	17.65073	120.4409	35.1467	11.31318	140.1529	22.85626	4.835166	150.8855	19.20948	5.354383	118.3496	52.22798	90	True	True
8.298263	6.863896	17.65073	120.4409	35.1467	11.31318	140.1529	22.85626	4.835166	150.8855	19.20948	5.354383	118.3496	52.22798	90	True	True
8.298263	6.863896	17.65073	120.4409	35.1467	11.31318	140.1529	22.85626	4.835166	150.8855	19.20948	5.354383	118.3496	52.22798	90	True	True
8.298263	6.863896	17.65073	120.4409	35.1467	11.31318	140.1529	22.85626	4.835166	150.8855	19.20948	5.354383	118.3496	52.22798	90	True	True
8.298263	6.863896	17.65073	120.4409	35.1467	11.31318	140.1529	22.85626	4.835166	150.8855	19.20948	5.354383	118.3496	52.22798	90	True	True
8.343806	7.014228	17.59934	119.5753	35.84301	11.35634	140.3863	22.44835	5.035126	150.7761	19.01173	5.302228	115.3222	54.93023	90	True	True
8.343806	7.014228	17.59934	119.5753	35.84301	11.35634	140.3863	22.44835	5.035126	150.7761	19.01173	5.302228	115.3222	54.93023	90	True	True
8.343806	7.014228	17.59934	119.5753	35.84301	11.35634	140.3863	22.44835	5.035126	150.7761	19.01173	5.302228	115.3222	54.93023	90	True	True
8.343806	7.014228	17.59934	119.5753	35.84301	11.35634	140.3863	22.44835	5.035126	150.7761	19.01173	5.302228	115.3222	54.93023	90	True	True
8.429908	7.085017	17.55832	119.7719	35.71636	11.28673	140.4993	22.31749	4.967002	150.8064	18.85727	5.412767	114.2484	55.70739	90	True	True
8.429908	7.085017	17.55832	119.7719	35.71636	11.28673	140.4993	22.31749	4.967002	150.8064	18.85727	5.412767	114.2484	55.70739	90	True	True
8.429908	7.085017	17.55832	119.7719	35.71636	11.28673	140.4993	22.31749	4.967002	150.8064	18.85727	5.412767	114.2484	55.70739	90	True	True
8.429908	7.085017	17.55832	119.7719	35.71636	11.28673	140.4993	22.31749	4.967002	150.8064	18.85727	5.412767	114.2484	55.70739	90	True	True
8.429908	7.085017	17.55832	119.7719	35.71636	11.28673	140.4993	22.31749	4.967002	150.8064	18.85727	5.412767	114.2484	55.70739	90	True	True
8.410756	6.836124	17.50099	120.1644	35.55198	11.34032	140.6144	22.53044	5.005074	150.955	19.20885	5.401129	114.4835	55.78098	90	True	True
8.410756	6.836124	17.50099	120.1644	35.55198	11.34032	140.6144	22.53044	5.005074	150.955	19.20885	5.401129	114.4835	55.78098	90	True	True
8.410756	6.836124	17.50099	120.1644	35.55198	11.34032	140.6144	22.53044	5.005074	150.955	19.20885	5.401129	114.4835	55.78098	90	True	True
8.437845	6.592997	17.53709	120.635	35.00449	11.31167	140.7346	22.27995	5.027681	150.8452	19.13981	5.316175	114.7674	55.47853	90	True	True
8.437845	6.592997	17.53709	120.635	35.00449	11.31167	140.7346	22.27995	5.027681	150.8452	19.13981	5.316175	114.7674	55.47853	90	True	True
8.437845	6.592997	17.53709	120.635	35.00449	11.31167	140.7346	22.27995	5.027681	150.8452	19.13981	5.316175	114.7674	55.47853	90	True	True
8.437845	6.592997	17.53709	120.635	35.00449	11.31167	140.7346	22.27995	5.027681	150.8452	19.13981	5.316175	114.7674	55.47853	90	True	True
8.605526	6.779188	17.54126	120.3154	35.35775	11.34068	140.8121	22.38016	5.072884	150.9043	19.25178	5.313525	114.8952	55.39649	90	True	True
8.605526	6.779188	17.54126	120.3154	35.35775	11.34068	140.8121	22.38016	5.072884	150.9043	19.25178	5.313525	114.8952	55.39649	90	True	True
8.605526	6.779188	17.54126	120.3154	35.35775	11.34068	140.8121	22.38016	5.072884	150.9043	19.25178	5.313525	114.8952	55.39649	90	True	True
8.605526	6.779188	17.54126	120.3154	35.35775	11.34068	140.8121	22.38016	5.072884	150.9043	19.25178	5.313525	114.8952	55.39649	90	True	True
8.605526	6.779188	17.54126	120.3154	35.35775	11.34068	140.8121	22.38016	5.072884	150.9043	19.25178	5.313525	114.8952	55.39649	90	True	True
8.605526	6.779188	17.54126	120.3154	35.35775	11.34068	140.8121	22.38016	5.072884	150.9043	19.25178	5.313525	114.8952	55.39649	90	True	True
8.513988	6.974545	17.57658	120.4077	35.00494	11.36002	140.08	22.73433	5.135189	149.9424	19.84053	5.291013	114.9587	55.08527	90	True	True
8.513988	6.974545	17.57658	120.4077	35.00494	11.36002	140.08	22.73433	5.135189	149.9424	19.84053	5.291013	114.9587	55.08527	90	True	True
8.513988	6.974545	17.57658	120.4077	35.00494	11.36002	140.08	22.73433	5.135189	149.9424	19.84053	5.291013	114.9587	55.08527	90	True	True
8.446574	7.051713	17.55628	121.6496	34.09089	11.2455	140.6823	22.19001	5.003475	150.1348	19.51655	5.316148	112.2769	57.21933	90	True	True
8.446574	7.051713	17.55628	121.6496	34.09089	11.2455	140.6823	22.19001	5.003475	150.1348	19.51655	5.316148	112.2769	57.21933	90	True	True
8.446574	7.051713	17.55628	121.6496	34.09089	11.2455	140.6823	22.19001	5.003475	150.1348	19.51655	5.316148	112.2769	57.21933	90	True	True
8.366988	6.988779	17.62873	119.6182	35.77824	11.45505	139.5598	23.2689	5.139533	149.7236	20.12625	5.326598	114.6081	55.57533	90	True	True
8.366988	6.988779	17.62873	119.6182	35.77824	11.45505	139.5598	23.2689	5.139533	149.7236	20.12625	5.326598	114.6081	55.57533	90	True	True
8.366988	6.988779	17.62873	119.6182	35.77824	11.45505	139.5598	23.2689	5.139533	149.7236	20.12625	5.326598	114.6081	55.57533	90	True	True
8.366988	6.988779	17.62873	119.6182	35.77824	11.45505	139.5598	23.2689	5.139533	149.7236	20.12625	5.326598	114.6081	55.57533	90	True	True
8.300941	6.943331	17.35296	120.6209	34.94032	11.14005	139.5685	22.81867	4.872349	148.7636	20.37521	5.348304	106.5425	62.56451	90	True	True
8.300941	6.943331	17.35296	120.6209	34.94032	11.14005	139.5685	22.81867	4.872349	148.7636	20.37521	5.348304	106.5425	62.56451	90	True	True
8.300941	6.943331	17.35296	120.6209	34.94032	11.14005	139.5685	22.81867	4.872349	148.7636	20.37521	5.348304	106.5425	62.56451	90	True	True
8.334463	7.34903	17.40762	122.073	33.56675	11.18783	139.7857	22.75249	4.860028	149.3459	20.09191	5.615023	111.6072	58.09066	90	True	True
8.334463	7.34903	17.40762	122.073	33.56675	11.18783	139.7857	22.75249	4.860028	149.3459	20.09191	5.615023	111.6072	58.09066	90	True	True
8.334463	7.34903	17.40762	122.073	33.56675	11.18783	139.7857	22.75249	4.860028	149.3459	20.09191	5.615023	111.6072	58.09066	90	True	True
8.334463	7.34903	17.40762	122.073	33.56675	11.18783	139.7857	22.75249	4.860028	149.3459	20.09191	5.615023	111.6072	58.09066	90	True	True
8.494604	6.736267	17.68062	121.5617	34.21712	11.39283	140.06	22.81272	4.970786	149.6708	19.95357	5.298198	113.2306	56.72365	90	True	True
8.494604	6.736267	17.68062	121.5617	34.21712	11.39283	140.06	22.81272	4.970786	149.6708	19.95357	5.298198	113.2306	56.72365	90	True	True
8.494604	6.736267	17.68062	121.5617	34.21712	11.39283	140.06	22.81272	4.970786	149.6708	19.95357	5.298198	113.2306	56.72365	90	True	True
8.552237	7.361858	17.64206	120.4908	35.0341	11.37144	139.5089	22.98332	5.016303	149.395	19.92516	5.192713	113.9885	55.80652	90	True	True
8.552237	7.361858	17.64206	120.4908	35.0341	11.37144	139.5089	22.98332	5.016303	149.395	19.92516	5.192713	113.9885	55.80652	90	True	True
8.552237	7.361858	17.64206	120.4908	35.0341	11.37144	139.5089	22.98332	5.016303	149.395	19.92516	5.192713	113.9885	55.80652	90	True	True
8.552237	7.361858	17.64206	120.4908	35.0341	11.37144	139.5089	22.98332	5.016303	149.395	19.92516	5.192713	113.9885	55.80652	90	True	True
8.503988	7.724459	17.45272	121.0078	34.41139	11.23333	139.4049	22.81602	4.972207	149.3912	19.64716	5.213531	112.9772	56.48965	90	True	True
8.503988	7.724459	17.45272	121.0078	34.41139	11.23333	139.4049	22.81602	4.972207	149.3912	19.64716	5.213531	112.9772	56.48965	90	True	True
8.503988	7.724459	17.45272	121.0078	34.41139	11.23333	139.4049	22.81602	4.972207	149.3912	19.64716	5.213531	112.9772	56.48965	90	True	True
8.312661	8.065312	17.32536	123.8208	31.95936	11.19451	140.8186	21.85691	5.031862	149.4704	19.80451	5.332076	110.9082	58.66243	90	True	True
8.312661	8.065312	17.32536	123.8208	31.95936	11.19451	140.8186	21.85691	5.031862	149.4704	19.80451	5.332076	110.9082	58.66243	90	True	True
8.312661	8.065312	17.32536	123.8208	31.95936	11.19451	140.8186	21.85691	5.031862	149.4704	19.80451	5.332076	110.9082	58.66243	90	True	True
8.612506	6.657378	17.35145	122.7814	32.94725	11.19294	140.4826	22.18319	4.942249	149.3858	20.02097	5.374136	111.7473	58.07133	90	True	True
8.612506	6.657378	17.35145	122.7814	32.94725	11.19294	140.4826	22.18319	4.942249	149.3858	20.02097	5.374136	111.7473	58.07133	90	True	True
8.612506	6.657378	17.35145	122.7814	32.94725	11.19294	140.4826	22.18319	4.942249	149.3858	20.02097	5.374136	111.7473	58.07133	90	True	True
8.476026	6.947743	17.32619	122.0548	33.56194	11.19165	140.3132	22.14244	4.9761	149.0591	20.08662	5.284565	109.8794	59.41903	90	True	True
8.476026	6.947743	17.32619	122.0548	33.56194	11.19165	140.3132	22.14244	4.9761	149.0591	20.08662	5.284565	109.8794	59.41903	90	True	True
8.476026	6.947743	17.32619	122.0548	33.56194	11.19165	140.3132	22.14244	4.9761	149.0591	20.08662	5.284565	109.8794	59.41903	90	True	True
8.352098	6.998915	17.43856	124.0409	31.81041	11.21163	141.0633	21.81724	4.936813	150.4462	19.25281	5.337841	113.8899	55.87591	90	True	True
8.352098	6.998915	17.43856	124.0409	31.81041	11.21163	141.0633	21.81724	4.936813	150.4462	19.25281	5.337841	113.8899	55.87591	90	True	True
8.352098	6.998915	17.43856	124.0409	31.81041	11.21163	141.0633	21.81724	4.936813	150.4462	19.25281	5.337841	113.8899	55.87591	90	True	True
8.562659	6.246706	17.28939	122.2035	33.53342	11.153	140.8233	22.18577	4.859823	150.2285	19.70954	5.579342	115.5437	54.47696	90	True	True
8.562659	6.246706	17.28939	122.2035	33.53342	11.153	140.8233	22.18577	4.859823	150.2285	19.70954	5.579342	115.5437	54.47696	90	True	True
8.562659	6.246706	17.28939	122.2035	33.53342	11.153	140.8233	22.18577	4.859823	150.2285	19.70954	5.579342	115.5437	54.47696	90	True	True
8.422955	7.012821	17.45428	122.1713	33.71886	11.25658	140.5481	22.47634	4.826819	149.9226	19.98871	5.583563	112.9611	56.8761	90	True	True
8.422955	7.012821	17.45428	122.1713	33.71886	11.25658	140.5481	22.47634	4.826819	149.9226	19.98871	5.583563	112.9611	56.8761	90	True	True
8.422955	7.012821	17.45428	122.1713	33.71886	11.25658	140.5481	22.47634	4.826819	149.9226	19.98871	5.583563	112.9611	56.8761	90	True	True
8.422955	7.012821	17.45428	122.1713	33.71886	11.25658	140.5481	22.47634	4.826819	149.9226	19.98871	5.583563	112.9611	56.8761	90	True	True
8.677693	6.897842	17.48322	122.2182	33.50643	11.31341	140.3377	22.51709	4.990812	149.7069	19.92887	5.26555	114.7568	55.36044	90	True	True
8.677693	6.897842	17.48322	122.2182	33.50643	11.31341	140.3377	22.51709	4.990812	149.7069	19.92887	5.26555	114.7568	55.36044	90	True	True
8.583888	7.076984	17.39273	120.8593	34.86554	11.24886	139.7106	23.07629	4.957767	149.6561	20.09377	5.380557	111.2775	58.4736	90	True	True
8.583888	7.076984	17.39273	120.8593	34.86554	11.24886	139.7106	23.07629	4.957767	149.6561	20.09377	5.380557	111.2775	58.4736	90	True	True
8.583888	7.076984	17.39273	120.8593	34.86554	11.24886	139.7106	23.07629	4.957767	149.6561	20.09377	5.380557	111.2775	58.4736	90	True	True
8.701818	6.929343	17.29288	122.1434	33.74741	11.15231	140.2518	22.7571	4.853006	149.7772	20.04258	5.57717	112.0984	57.68535	90	True	True
8.701818	6.929343	17.29288	122.1434	33.74741	11.15231	140.2518	22.7571	4.853006	149.7772	20.04258	5.57717	112.0984	57.68535	90	True	True
8.701818	6.929343	17.29288	122.1434	33.74741	11.15231	140.2518	22.7571	4.853006	149.7772	20.04258	5.57717	112.0984	57.68535	90	True	True
8.492322	6.834144	17.55271	121.1565	34.53234	11.27597	139.633	23.00067	4.949886	149.0134	20.32337	5.55336	110.9709	58.66158	90	True	True
8.492322	6.834144	17.55271	121.1565	34.53234	11.27597	139.633	23.00067	4.949886	149.0134	20.32337	5.55336	110.9709	58.66158	90	True	True
8.492322	6.834144	17.55271	121.1565	34.53234	11.27597	139.633	23.00067	4.949886	149.0134	20.32337	5.55336	110.9709	58.66158	90	True	True
8.492322	6.834144	17.55271	121.1565	34.53234	11.27597	139.633	23.00067	4.949886	149.0134	20.32337	5.55336	110.9709	58.66158	90	True	True
8.555351	6.398746	17.42238	119.3128	36.13526	11.25893	139.3316	23.16117	5.039593	148.9776	20.37495	5.581596	113.4887	56.22836	90	True	True
8.555351	6.398746	17.42238	119.3128	36.13526	11.25893	139.3316	23.16117	5.039593	148.9776	20.37495	5.581596	113.4887	56.22836	90	True	True
8.555351	6.398746	17.42238	119.3128	36.13526	11.25893	139.3316	23.16117	5.039593	148.9776	20.37495	5.581596	113.4887	56.22836	90	True	True
8.636494	6.581591	17.37304	121.4606	34.1197	11.21137	140.0676	22.35072	4.968887	148.8828	20.21261	5.369505	109.8322	59.22874	90	True	True
8.636494	6.581591	17.37304	121.4606	34.1197	11.21137	140.0676	22.35072	4.968887	148.8828	20.21261	5.369505	109.8322	59.22874	90	True	True
8.636494	6.581591	17.37304	121.4606	34.1197	11.21137	140.0676	22.35072	4.968887	148.8828	20.21261	5.369505	109.8322	59.22874	90	True	True
8.636494	6.581591	17.37304	121.4606	34.1197	11.21137	140.0676	22.35072	4.968887	148.8828	20.21261	5.369505	109.8322	59.22874	90	True	True
8.636494	6.581591	17.37304	121.4606	34.1197	11.21137	140.0676	22.35072	4.968887	148.8828	20.21261	5.369505	109.8322	59.22874	90	True	True
8.774027	6.808203	17.6424	121.6012	34.11805	11.33539	140.4253	22.39711	4.9789	149.8576	19.69394	5.302966	115.0605	54.911	90	True	True
8.774027	6.808203	17.6424	121.6012	34.11805	11.33539	140.4253	22.39711	4.9789	149.8576	19.69394	5.302966	115.0605	54.911	90	True	True
8.774027	6.808203	17.6424	121.6012	34.11805	11.33539	140.4253	22.39711	4.9789	149.8576	19.69394	5.302966	115.0605	54.911	90	True	True
8.774027	6.808203	17.6424	121.6012	34.11805	11.33539	140.4253	22.39711	4.9789	149.8576	19.69394	5.302966	115.0605	54.911	90	True	True
8.774027	6.808203	17.6424	121.6012	34.11805	11.33539	140.4253	22.39711	4.9789	149.8576	19.69394	5.302966	115.0605	54.911	90	True	True
8.549586	6.963453	17.34102	122.6128	33.09185	11.2362	140.9852	21.73249	5.059469	150.0966	19.34398	5.353495	116.4798	53.32156	90	True	True
8.549586	6.963453	17.34102	122.6128	33.09185	11.2362	140.9852	21.73249	5.059469	150.0966	19.34398	5.353495	116.4798	53.32156	90	True	True
8.549586	6.963453	17.34102	122.6128	33.09185	11.2362	140.9852	21.73249	5.059469	150.0966	19.34398	5.353495	116.4798	53.32156	90	True	True
8.549586	6.963453	17.34102	122.6128	33.09185	11.2362	140.9852	21.73249	5.059469	150.0966	19.34398	5.353495	116.4798	53.32156	90	True	True
8.549586	6.963453	17.34102	122.6128	33.09185	11.2362	140.9852	21.73249	5.059469	150.0966	19.34398	5.353495	116.4798	53.32156	90	True	True
8.748345	6.766306	17.41853	122.2634	33.34398	11.27144	140.7658	22.1527	4.992055	150.4161	19.389	5.359533	116.4208	53.66654	90	True	True
8.748345	6.766306	17.41853	122.2634	33.34398	11.27144	140.7658	22.1527	4.992055	150.4161	19.389	5.359533	116.4208	53.66654	90	True	True
8.748345	6.766306	17.41853	122.2634	33.34398	11.27144	140.7658	22.1527	4.992055	150.4161	19.389	5.359533	116.4208	53.66654	90	True	True
8.748345	6.766306	17.41853	122.2634	33.34398	11.27144	140.7658	22.1527	4.992055	150.4161	19.389	5.359533	116.4208	53.66654	90	True	True
8.541363	7.263312	17.27957	123.0413	32.60019	11.16085	140.7186	22.17928	4.806807	150.7101	19.12022	5.382442	118.7791	51.49199	90	True	True
8.541363	7.263312	17.27957	123.0413	32.60019	11.16085	140.7186	22.17928	4.806807	150.7101	19.12022	5.382442	118.7791	51.49199	90	True	True
8.541363	7.263312	17.27957	123.0413	32.60019	11.16085	140.7186	22.17928	4.806807	150.7101	19.12022	5.382442	118.7791	51.49199	90	True	True
8.541363	7.263312	17.27957	123.0413	32.60019	11.16085	140.7186	22.17928	4.806807	150.7101	19.12022	5.382442	118.7791	51.49199	90	True	True
8.541363	7.263312	17.27957	123.0413	32.60019	11.16085	140.7186	22.17928	4.806807	150.7101	19.12022	5.382442	118.7791	51.49199	90	True	True
8.514767	7.148496	17.5284	119.7237	35.6709	11.38509	138.7795	23.85726	5.033023	149.4417	20.13408	5.265331	115.2308	54.89375	90	True	True
8.514767	7.148496	17.5284	119.7237	35.6709	11.38509	138.7795	23.85726	5.033023	149.4417	20.13408	5.265331	115.2308	54.89375	90	True	True
8.514767	7.148496	17.5284	119.7237	35.6709	11.38509	138.7795	23.85726	5.033023	149.4417	20.13408	5.265331	115.2308	54.89375	90	True	True
8.514767	7.148496	17.5284	119.7237	35.6709	11.38509	138.7795	23.85726	5.033023	149.4417	20.13408	5.265331	115.2308	54.89375	90	True	True
8.514767	7.148496	17.5284	119.7237	35.6709	11.38509	138.7795	23.85726	5.033023	149.4417	20.13408	5.265331	115.2308	54.89375	90	True	True
8.182997	7.577268	17.43596	121.7136	34.08363	11.34491	140.8387	22.21794	5.09224	151.3455	18.75445	5.327404	116.1223	53.99519	90	True	True
8.182997	7.577268	17.43596	121.7136	34.08363	11.34491	140.8387	22.21794	5.09224	151.3455	18.75445	5.327404	116.1223	53.99519	90	True	True
8.182997	7.577268	17.43596	121.7136	34.08363	11.34491	140.8387	22.21794	5.09224	151.3455	18.75445	5.327404	116.1223	53.99519	90	True	True
8.182997	7.577268	17.43596	121.7136	34.08363	11.34491	140.8387	22.21794	5.09224	151.3455	18.75445	5.327404	116.1223	53.99519	90	True	True
8.893049	6.545418	17.39226	120.4028	35.09224	11.22989	140.7777	22.11844	4.971688	150.9676	18.82618	5.539864	115.5805	54.44211	90	True	True
8.893049	6.545418	17.39226	120.4028	35.09224	11.22989	140.7777	22.11844	4.971688	150.9676	18.82618	5.539864	115.5805	54.44211	90	True	True
8.893049	6.545418	17.39226	120.4028	35.09224	11.22989	140.7777	22.11844	4.971688	150.9676	18.82618	5.539864	115.5805	54.44211	90	True	True
8.893049	6.545418	17.39226	120.4028	35.09224	11.22989	140.7777	22.11844	4.971688	150.9676	18.82618	5.539864	115.5805	54.44211	90	True	True
8.519383	6.786428	17.57504	119.1836	36.17224	11.37175	139.221	23.59362	5.004759	150.1384	19.74218	5.409393	115.2657	55.00822	90	True	True
8.519383	6.786428	17.57504	119.1836	36.17224	11.37175	139.221	23.59362	5.004759	150.1384	19.74218	5.409393	115.2657	55.00822	90	True	True
8.519383	6.786428	17.57504	119.1836	36.17224	11.37175	139.221	23.59362	5.004759	150.1384	19.74218	5.409393	115.2657	55.00822	90	True	True
8.519383	6.786428	17.57504	119.1836	36.17224	11.37175	139.221	23.59362	5.004759	150.1384	19.74218	5.409393	115.2657	55.00822	90	True	True
8.519383	6.786428	17.57504	119.1836	36.17224	11.37175	139.221	23.59362	5.004759	150.1384	19.74218	5.409393	115.2657	55.00822	90	True	True
8.468785	6.994735	17.42641	123.3165	32.70967	11.15454	141.5318	21.67524	4.709764	151.4471	18.65395	5.53134	117.7847	52.4475	90	True	True
8.468785	6.994735	17.42641	123.3165	32.70967	11.15454	141.5318	21.67524	4.709764	151.4471	18.65395	5.53134	117.7847	52.4475	90	True	True
8.468785	6.994735	17.42641	123.3165	32.70967	11.15454	141.5318	21.67524	4.709764	151.4471	18.65395	5.53134	117.7847	52.4475	90	True	True
8.208432	7.574113	17.45678	122.546	33.29878	11.22994	140.6908	22.38642	4.867841	150.6962	19.20053	5.472095	119.3576	50.9771	90	True	True
8.208432	7.574113	17.45678	122.546	33.29878	11.22994	140.6908	22.38642	4.867841	150.6962	19.20053	5.472095	119.3576	50.9771	90	True	True
8.208432	7.574113	17.45678	122.546	33.29878	11.22994	140.6908	22.38642	4.867841	150.6962	19.20053	5.472095	119.3576	50.9771	90	True	True
8.208432	7.574113	17.45678	122.546	33.29878	11.22994	140.6908	22.38642	4.867841	150.6962	19.20053	5.472095	119.3576	50.9771	90	True	True
8.409144	7.445049	17.51534	122.973	32.95223	11.23647	141.0711	22.05906	4.848731	150.807	19.06177	5.398438	119.6041	50.66866	90	True	True
8.409144	7.445049	17.51534	122.973	32.95223	11.23647	141.0711	22.05906	4.848731	150.807	19.06177	5.398438	119.6041	50.66866	90	True	True
8.409144	7.445049	17.51534	122.973	32.95223	11.23647	141.0711	22.05906	4.848731	150.807	19.06177	5.398438	119.6041	50.66866	90	True	True
8.409144	7.445049	17.51534	122.973	32.95223	11.23647	141.0711	22.05906	4.848731	150.807	19.06177	5.398438	119.6041	50.66866	90	True	True
8.318003	7.232835	17.4186	121.0313	34.40873	11.23824	140.0395	22.80223	4.997711	150.223	19.56359	5.496506	117.8632	52.61776	90	True	True
8.318003	7.232835	17.4186	121.0313	34.40873	11.23824	140.0395	22.80223	4.997711	150.223	19.56359	5.496506	117.8632	52.61776	90	True	True
8.318003	7.232835	17.4186	121.0313	34.40873	11.23824	140.0395	22.80223	4.997711	150.223	19.56359	5.496506	117.8632	52.61776	90	True	True
8.280286	6.850345	17.48011	120.1385	35.31602	11.2512	139.7822	23.05136	5.003079	149.9435	19.85731	5.606745	113.7956	56.31844	90	True	True
8.280286	6.850345	17.48011	120.1385	35.31602	11.2512	139.7822	23.05136	5.003079	149.9435	19.85731	5.606745	113.7956	56.31844	90	True	True
8.280286	6.850345	17.48011	120.1385	35.31602	11.2512	139.7822	23.05136	5.003079	149.9435	19.85731	5.606745	113.7956	56.31844	90	True	True
8.004661	6.934889	17.54193	119.9196	35.46709	11.30699	139.4138	23.39588	5.009814	149.6673	20.27667	5.633151	113.1612	57.12806	90	True	True
8.004661	6.934889	17.54193	119.9196	35.46709	11.30699	139.4138	23.39588	5.009814	149.6673	20.27667	5.633151	113.1612	57.12806	90	True	True
8.004661	6.934889	17.54193	119.9196	35.46709	11.30699	139.4138	23.39588	5.009814	149.6673	20.27667	5.633151	113.1612	57.12806	90	True	True
8.004661	6.934889	17.54193	119.9196	35.46709	11.30699	139.4138	23.39588	5.009814	149.6673	20.27667	5.633151	113.1612	57.12806	90	True	True
8.084533	7.047341	17.57445	120.3474	35.28366	11.30162	139.9177	23.07505	4.873715	150.0878	19.87043	5.53735	113.2551	56.79314	90	True	True
8.084533	7.047341	17.57445	120.3474	35.28366	11.30162	139.9177	23.07505	4.873715	150.0878	19.87043	5.53735	113.2551	56.79314	90	True	True
8.084533	7.047341	17.57445	120.3474	35.28366	11.30162	139.9177	23.07505	4.873715	150.0878	19.87043	5.53735	113.2551	56.79314	90	True	True
8.084533	7.047341	17.57445	120.3474	35.28366	11.30162	139.9177	23.07505	4.873715	150.0878	19.87043	5.53735	113.2551	56.79314	90	True	True
8.005138	7.36836	17.58397	119.6918	35.76669	11.31829	139.36	23.51251	4.889206	150.0965	19.89278	5.532651	115.8652	54.65152	90	True	True
8.005138	7.36836	17.58397	119.6918	35.76669	11.31829	139.36	23.51251	4.889206	150.0965	19.89278	5.532651	115.8652	54.65152	90	True	True
8.005138	7.36836	17.58397	119.6918	35.76669	11.31829	139.36	23.51251	4.889206	150.0965	19.89278	5.532651	115.8652	54.65152	90	True	True
8.068086	6.509996	17.30036	121.9804	33.59584	11.13208	140.2006	22.59328	4.770525	150.1862	19.62694	5.497216	114.0764	56.08335	90	True	True
8.068086	6.509996	17.30036	121.9804	33.59584	11.13208	140.2006	22.59328	4.770525	150.1862	19.62694	5.497216	114.0764	56.08335	90	True	True
8.068086	6.509996	17.30036	121.9804	33.59584	11.13208	140.2006	22.59328	4.770525	150.1862	19.62694	5.497216	114.0764	56.08335	90	True	True
8.027173	6.496637	17.36956	121.1857	34.25616	11.18649	139.7193	22.86207	4.878497	149.4519	20.05142	5.485946	113.4548	56.41021	90	True	True
8.027173	6.496637	17.36956	121.1857	34.25616	11.18649	139.7193	22.86207	4.878497	149.4519	20.05142	5.485946	113.4548	56.41021	90	True	True
8.027173	6.496637	17.36956	121.1857	34.25616	11.18649	139.7193	22.86207	4.878497	149.4519	20.05142	5.485946	113.4548	56.41021	90	True	True
8.027173	6.496637	17.36956	121.1857	34.25616	11.18649	139.7193	22.86207	4.878497	149.4519	20.05142	5.485946	113.4548	56.41021	90	True	True
8.090311	6.325431	17.32433	121.505	33.84636	11.17021	139.733	22.72151	4.91486	149.0199	20.22723	5.404066	113.9694	55.72977	90	True	True
8.090311	6.325431	17.32433	121.505	33.84636	11.17021	139.733	22.72151	4.91486	149.0199	20.22723	5.404066	113.9694	55.72977	90	True	True
8.090311	6.325431	17.32433	121.505	33.84636	11.17021	139.733	22.72151	4.91486	149.0199	20.22723	5.404066	113.9694	55.72977	90	True	True
8.309259	6.661531	17.45182	121.1859	34.48373	11.22445	139.913	23.10606	4.916855	149.3963	20.40005	5.505235	113.2345	56.80912	90	True	True
8.309259	6.661531	17.45182	121.1859	34.48373	11.22445	139.913	23.10606	4.916855	149.3963	20.40005	5.505235	113.2345	56.80912	90	True	True
8.309259	6.661531	17.45182	121.1859	34.48373	11.22445	139.913	23.10606	4.916855	149.3963	20.40005	5.505235	113.2345	56.80912	90	True	True
8.287704	6.797424	17.43575	121.0622	34.66001	11.24054	139.6182	23.3433	4.906924	149.3663	20.45089	5.479758	111.4638	58.54144	90	True	True
8.287704	6.797424	17.43575	121.0622	34.66001	11.24054	139.6182	23.3433	4.906924	149.3663	20.45089	5.479758	111.4638	58.54144	90	True	True
8.287704	6.797424	17.43575	121.0622	34.66001	11.24054	139.6182	23.3433	4.906924	149.3663	20.45089	5.479758	111.4638	58.54144	90	True	True
8.287704	6.797424	17.43575	121.0622	34.66001	11.24054	139.6182	23.3433	4.906924	149.3663	20.45089	5.479758	111.4638	58.54144	90	True	True
8.399733	6.685737	17.36959	121.6982	34.15084	11.22609	140.4542	22.63946	4.922865	149.6484	20.1667	5.557991	112.0024	57.94166	90	True	True
8.399733	6.685737	17.36959	121.6982	34.15084	11.22609	140.4542	22.63946	4.922865	149.6484	20.1667	5.557991	112.0024	57.94166	90	True	True
8.49347	6.81114	17.31721	120.7454	34.80014	11.2	139.7245	22.95774	4.877527	149.8477	19.87074	5.353932	113.5073	56.5363	90	True	True
8.49347	6.81114	17.31721	120.7454	34.80014	11.2	139.7245	22.95774	4.877527	149.8477	19.87074	5.353932	113.5073	56.5363	90	True	True
8.49347	6.81114	17.31721	120.7454	34.80014	11.2	139.7245	22.95774	4.877527	149.8477	19.87074	5.353932	113.5073	56.5363	90	True	True
8.49347	6.81114	17.31721	120.7454	34.80014	11.2	139.7245	22.95774	4.877527	149.8477	19.87074	5.353932	113.5073	56.5363	90	True	True
8.242091	6.833515	17.40293	122.1438	33.66736	11.25393	140.4365	22.55963	4.849577	150.7092	19.35041	5.272093	114.637	55.67933	90	True	True
8.242091	6.833515	17.40293	122.1438	33.66736	11.25393	140.4365	22.55963	4.849577	150.7092	19.35041	5.272093	114.637	55.67933	90	True	True
8.242091	6.833515	17.40293	122.1438	33.66736	11.25393	140.4365	22.55963	4.849577	150.7092	19.35041	5.272093	114.637	55.67933	90	True	True
8.242091	6.833515	17.40293	122.1438	33.66736	11.25393	140.4365	22.55963	4.849577	150.7092	19.35041	5.272093	114.637	55.67933	90	True	True
8.376674	6.802247	17.46221	121.791	34.11165	11.25944	140.8537	22.20346	4.903331	150.8187	19.18912	5.389176	114.8064	55.52174	90	True	True
8.376674	6.802247	17.46221	121.791	34.11165	11.25944	140.8537	22.20346	4.903331	150.8187	19.18912	5.389176	114.8064	55.52174	90	True	True
8.376674	6.802247	17.46221	121.791	34.11165	11.25944	140.8537	22.20346	4.903331	150.8187	19.18912	5.389176	114.8064	55.52174	90	True	True
8.376674	6.802247	17.46221	121.791	34.11165	11.25944	140.8537	22.20346	4.903331	150.8187	19.18912	5.389176	114.8064	55.52174	90	True	True
8.472597	6.782958	17.33663	121.5123	34.05929	11.19637	140.2507	22.70989	4.945173	150.0847	19.77491	5.529782	114.0425	56.05384	90	True	True
8.472597	6.782958	17.33663	121.5123	34.05929	11.19637	140.2507	22.70989	4.945173	150.0847	19.77491	5.529782	114.0425	56.05384	90	True	True
8.472597	6.782958	17.33663	121.5123	34.05929	11.19637	140.2507	22.70989	4.945173	150.0847	19.77491	5.529782	114.0425	56.05384	90	True	True
8.483853	6.989654	17.45205	120.3034	35.05767	11.29073	139.1264	23.56527	5.067351	149.195	20.46896	5.492899	115.713	54.52645	90	True	True
8.483853	6.989654	17.45205	120.3034	35.05767	11.29073	139.1264	23.56527	5.067351	149.195	20.46896	5.492899	115.713	54.52645	90	True	True
8.483853	6.989654	17.45205	120.3034	35.05767	11.29073	139.1264	23.56527	5.067351	149.195	20.46896	5.492899	115.713	54.52645	90	True	True
8.362808	6.838556	17.40304	122.6087	33.19982	11.22195	140.8463	22.10171	4.955268	149.8585	19.82358	5.484799	113.9445	55.85108	90	True	True
8.362808	6.838556	17.40304	122.6087	33.19982	11.22195	140.8463	22.10171	4.955268	149.8585	19.82358	5.484799	113.9445	55.85108	90	True	True
8.362808	6.838556	17.40304	122.6087	33.19982	11.22195	140.8463	22.10171	4.955268	149.8585	19.82358	5.484799	113.9445	55.85108	90	True	True
8.564026	6.898183	17.44517	122.0394	33.83873	11.23892	140.7366	22.53492	4.949817	150.3231	19.80515	5.371445	114.7337	55.3819	90	True	True
