59.25986	-34.37747	-49.99066	-19.53101	-28.99307	-11.38339	-17.87039	-13.88571	-12.72949	-19.5459	-12.54977	-6.824127	-15.84503	-8.747742	2.768464	-13.01181	-6.124939	-22.6615
59.25048	-34.41745	-49.99054	-19.51819	-29.0014	-11.37457	-17.86282	-13.88437	-12.73508	-19.53976	-12.54245	-6.823212	-15.84772	-8.738892	2.800343	-13.00439	-6.120453	-22.69913
59.24573	-34.43622	-49.99088	-19.513	-29.00562	-11.37057	-17.86096	-13.88489	-12.73688	-19.53983	-12.54074	-6.822845	-15.85083	-8.736755	2.813679	-13.00357	-6.120575	-22.71652
59.24099	-34.45465	-49.99097	-19.50787	-29.00977	-11.36664	-17.85913	-13.88547	-12.73865	-19.53989	-12.53906	-6.822479	-15.85388	-8.73465	2.82674	-13.00275	-6.120667	-22.73389
59.2359	-34.47351	-49.99063	-19.50259	-29.01407	-11.36246	-17.85724	-13.88602	-12.74045	-19.53995	-12.53732	-6.822113	-15.85703	-8.732483	2.839999	-13.00189	-6.120789	-22.75229
59.22958	-34.49448	-49.98898	-19.49661	-29.01892	-11.35745	-17.8551	-13.88666	-12.74237	-19.54001	-12.53537	-6.821808	-15.8606	-8.730011	2.854456	-13.00095	-6.120941	-22.77478
59.22158	-34.53183	-49.99765	-19.49222	-29.02875	-11.34964	-17.85376	-13.88693	-12.74554	-19.54718	-12.53812	-6.821655	-15.86417	-8.72995	2.864143	-13.00076	-6.123199	-22.79785
59.21467	-34.55811	-50.00079	-19.4884	-29.03564	-11.34351	-17.85254	-13.88724	-12.74771	-19.55161	-12.53946	-6.821594	-15.867	-8.729462	2.871966	-13.00046	-6.124603	-22.81854
59.20687	-34.5874	-50.00406	-19.48413	-29.04343	-11.33658	-17.85117	-13.88757	-12.75009	-19.55655	-12.54095	-6.821472	-15.87021	-8.728912	2.880634	-13.00012	-6.12616	-22.84207
59.19972	-34.61334	-50.00641	-19.48032	-29.05035	-11.3302	-17.84995	-13.88788	-12.75214	-19.56097	-12.54227	-6.821381	-15.87305	-8.728394	2.888194	-12.99985	-6.127594	-22.86389
59.19177	-34.63998	-50.00748	-19.47635	-29.05762	-11.32321	-17.84863	-13.88821	-12.75409	-19.56561	-12.54367	-6.821198	-15.87604	-8.727875	2.895639	-12.99954	-6.129059	-22.88861
59.1842	-34.67334	-50.02136	-19.45221	-29.04779	-11.31476	-17.84247	-13.88782	-12.75583	-19.56857	-12.54065	-6.818542	-15.88019	-8.722473	2.896531	-13.00226	-6.131042	-22.91272
59.17601	-34.7027	-50.02856	-19.43503	-29.04349	-11.30637	-17.83801	-13.88766	-12.75723	-19.57196	-12.53906	-6.81662	-15.88385	-8.71875	2.898653	-13.004	-6.132782	-22.93945
59.1689	-34.72739	-50.03403	-19.42047	-29.03986	-11.29907	-17.8342	-13.88754	-12.7583	-19.57483	-12.53772	-6.814941	-15.88696	-8.715546	2.900275	-13.00543	-6.134277	-22.96298
59.16124	-34.75195	-50.03799	-19.40567	-29.03616	-11.29117	-17.83032	-13.88742	-12.75906	-19.57776	-12.53635	-6.813049	-15.89011	-8.712372	2.901473	-13.00693	-6.135773	-22.98911
59.14772	-34.80591	-50.05688	-19.39099	-29.04105	-11.28964	-17.82474	-13.88577	-12.76315	-19.60327	-12.55243	-6.813995	-15.90692	-8.715179	2.900053	-13.01984	-6.143433	-23.01434
59.13669	-34.84534	-50.06757	-19.37778	-29.04297	-11.28586	-17.82022	-13.88477	-12.7655	-19.61972	-12.56189	-6.813873	-15.91812	-8.716003	2.898952	-13.02817	-6.14856	-23.0401
59.12661	-34.88065	-50.07669	-19.36588	-29.04474	-11.28232	-17.81616	-13.88382	-12.76752	-19.63455	-12.5704	-6.813721	-15.92819	-8.716736	2.897824	-13.03568	-6.153168	-23.06412
59.11564	-34.91748	-50.08496	-19.35336	-29.04657	-11.2782	-17.81189	-13.88284	-12.76947	-19.65012	-12.57938	-6.813507	-15.93878	-8.717499	2.89623	-13.04355	-6.15799	-23.09177
59.10122	-34.97089	-50.11011	-19.33801	-29.04123	-11.28506	-17.80652	-13.88049	-12.7724	-19.65857	-12.5755	-6.82785	-15.96429	-8.718323	2.886007	-13.05365	-6.178497	-23.10947
59.08697	-35.0199	-50.12851	-19.32315	-29.03812	-11.28796	-17.80133	-13.87857	-12.77478	-19.66962	-12.57568	-6.837677	-15.98563	-8.719116	2.877769	-13.06332	-6.194458	-23.13431
59.07624	-35.0563	-50.14182	-19.3121	-29.0358	-11.29004	-17.79749	-13.87714	-12.77649	-19.6778	-12.57587	-6.844971	-16.0015	-8.719757	2.871513	-13.0705	-6.206268	-23.15359
59.06654	-35.08838	-50.1528	-19.30237	-29.03375	-11.29163	-17.7941	-13.87585	-12.77786	-19.68506	-12.57599	-6.851379	-16.01547	-8.720276	2.865751	-13.07681	-6.216705	-23.1723
59.05676	-35.1282	-50.16031	-19.28519	-29.02481	-11.29095	-17.78717	-13.87463	-12.76965	-19.6958	-12.58423	-6.860474	-16.04312	-8.729431	2.867734	-13.08716	-6.221222	-23.18713
59.04471	-35.17218	-50.16953	-19.26797	-29.01721	-11.29077	-17.78049	-13.87314	-12.76389	-19.70709	-12.59042	-6.870026	-16.07004	-8.736511	2.866244	-13.09775	-6.229248	-23.20941
59.03361	-35.2121	-50.17725	-19.25238	-29.01031	-11.29044	-17.77441	-13.8718	-12.75854	-19.71732	-12.59604	-6.878632	-16.09445	-8.74292	2.864733	-13.10736	-6.236542	-23.23059
59.0252	-35.24146	-50.18188	-19.24091	-29.00522	-11.28983	-17.76996	-13.87082	-12.75439	-19.72485	-12.60019	-6.884857	-16.11243	-8.747681	2.863366	-13.11441	-6.241913	-23.24811
59.01152	-35.2951	-50.1937	-19.23672	-29.00073	-11.28619	-17.76083	-13.8667	-12.74762	-19.73547	-12.60681	-6.90094	-16.13754	-8.760437	2.880972	-13.12997	-6.26178	-23.26151
59.00127	-35.33295	-50.20032	-19.23035	-28.99658	-11.28381	-17.75458	-13.86429	-12.74243	-19.74362	-12.61169	-6.911194	-16.15689	-8.768616	2.889099	-13.14044	-6.273773	-23.27649
58.99086	-35.37115	-50.20667	-19.22394	-28.9924	-11.28131	-17.74826	-13.86188	-12.73715	-19.75183	-12.61658	-6.921478	-16.17636	-8.776917	2.897217	-13.151	-6.285858	-23.29205
58.98009	-35.4101	-50.21222	-19.21738	-28.98813	-11.27844	-17.74182	-13.85934	-12.73154	-19.76019	-12.62161	-6.931824	-16.19623	-8.785339	2.905315	-13.16174	-6.298187	-23.30936
58.96796	-35.4574	-50.22073	-19.1972	-28.9765	-11.27457	-17.71829	-13.84671	-12.71375	-19.7576	-12.61316	-6.966248	-16.20941	-8.777832	2.893641	-13.17746	-6.317047	-23.33713
58.95831	-35.49338	-50.22565	-19.18423	-28.9689	-11.27127	-17.70343	-13.83893	-12.70203	-19.75812	-12.60956	-6.987976	-16.22156	-8.775574	2.8887	-13.18893	-6.330658	-23.35873
58.94944	-35.52615	-50.22977	-19.17233	-28.96191	-11.26813	-17.68982	-13.83185	-12.69119	-19.75858	-12.60626	-7.007721	-16.23267	-8.773529	2.884138	-13.19937	-6.343109	-23.379
58.94157	-35.55481	-50.23276	-19.16187	-28.95581	-11.26511	-17.67786	-13.82556	-12.68149	-19.75897	-12.60336	-7.024994	-16.24243	-8.771729	2.880048	-13.20862	-6.354065	-23.39767
58.93603	-35.58383	-50.22336	-19.13336	-28.94641	-11.27838	-17.64325	-13.8042	-12.66833	-19.7363	-12.56308	-7.036835	-16.24429	-8.765686	2.859708	-13.25003	-6.3862	-23.41388
58.93148	-35.60736	-50.21072	-19.10626	-28.93802	-11.29141	-17.61029	-13.78363	-12.65594	-19.7132	-12.52271	-7.045197	-16.24445	-8.759857	2.839476	-13.29047	-6.416901	-23.43048
58.92552	-35.63815	-50.19391	-19.07074	-28.92697	-11.30844	-17.56702	-13.75662	-12.63965	-19.68286	-12.4697	-7.05603	-16.2446	-8.752319	2.812916	-13.34351	-6.457153	-23.45248
58.92059	-35.66302	-50.17981	-19.04184	-28.918	-11.32205	-17.53183	-13.73468	-12.62622	-19.65823	-12.42661	-7.064636	-16.24472	-8.746216	2.791257	-13.38666	-6.489899	-23.47092
58.91596	-35.68585	-50.16574	-19.01505	-28.90967	-11.33435	-17.49921	-13.71432	-12.61353	-19.63538	-12.38666	-7.072388	-16.24484	-8.74057	2.771074	-13.42664	-6.520233	-23.48901
58.91182	-35.71899	-50.13452	-18.96039	-28.89932	-11.33533	-17.41956	-13.67801	-12.57175	-19.53064	-12.29221	-7.108307	-16.29059	-8.769684	2.705662	-13.52014	-6.569519	-23.5076
58.90855	-35.74203	-50.11066	-18.92215	-28.89188	-11.33585	-17.36417	-13.6524	-12.54236	-19.45889	-12.22641	-7.132385	-16.32135	-8.789063	2.660291	-13.58527	-6.604401	-23.52335
58.90504	-35.76572	-50.08536	-18.88242	-28.88412	-11.33627	-17.30658	-13.62579	-12.51169	-19.3844	-12.15805	-7.157257	-16.3533	-8.809204	2.613066	-13.65295	-6.640625	-23.53992
58.90154	-35.78763	-50.06061	-18.84503	-28.87683	-11.33633	-17.25247	-13.6008	-12.48267	-19.31436	-12.09381	-7.180481	-16.38336	-8.828247	2.568434	-13.71655	-6.674683	-23.55594
58.89688	-35.81177	-50.02942	-18.80209	-28.86847	-11.33554	-17.19028	-13.57211	-12.44873	-19.23389	-12.01999	-7.206879	-16.41788	-8.850189	2.516486	-13.78967	-6.713837	-23.57559
58.89521	-35.8541	-49.97906	-18.71088	-28.86813	-11.29822	-17.12195	-13.49194	-12.36581	-19.07907	-11.9548	-7.298309	-16.44604	-8.885956	2.430876	-13.91971	-6.764526	-23.5975
58.8925	-35.88196	-49.93839	-18.64789	-28.86688	-11.27304	-17.07089	-13.43774	-12.30817	-18.97119	-11.90421	-7.358612	-16.46826	-8.91156	2.369122	-14.01108	-6.801514	-23.61603
58.88964	-35.90884	-49.89771	-18.58636	-28.8656	-11.24808	-17.021	-13.38486	-12.25165	-18.86581	-11.8548	-7.417175	-16.48996	-8.936707	2.30865	-14.10025	-6.837646	-23.63446
58.88683	-35.93243	-49.85904	-18.53073	-28.86447	-11.22485	-16.97592	-13.33701	-12.20007	-18.77063	-11.81015	-7.469696	-16.50961	-8.959595	2.25369	-14.18085	-6.870331	-23.65173
58.88346	-35.95346	-49.81821	-18.4776	-28.8634	-11.20129	-16.93286	-13.29132	-12.14981	-18.67966	-11.76752	-7.519287	-16.52835	-8.981598	2.200503	-14.25784	-6.90155	-23.66956
58.85234	-36.10229	-49.80887	-18.40305	-28.91443	-11.1669	-16.8923	-13.26941	-12.00275	-18.6637	-11.85028	-7.53302	-16.54202	-9.025604	2.072249	-14.41812	-7.006409	-23.69864
58.82933	-36.20584	-49.78296	-18.33707	-28.94836	-11.13409	-16.85223	-13.24103	-11.88705	-18.62585	-11.89316	-7.555847	-16.55685	-9.061951	1.969065	-14.54874	-7.086121	-23.72604
58.80709	-36.30624	-49.75684	-18.27307	-28.98123	-11.10187	-16.81335	-13.2135	-11.77444	-18.58911	-11.93472	-7.577454	-16.57126	-9.097351	1.869026	-14.67545	-7.163422	-23.75314
58.78371	-36.4119	-49.72668	-18.20554	-29.01596	-11.06671	-16.77234	-13.18448	-11.65463	-18.55035	-11.97858	-7.599335	-16.58649	-9.134918	1.763511	-14.8092	-7.244965	-23.78302
58.74786	-36.56329	-49.71713	-18.13721	-29.05072	-11.04501	-16.73206	-13.17831	-11.54645	-18.58069	-12.04095	-7.624054	-16.60773	-9.185455	1.596702	-14.95667	-7.350891	-23.80933
58.71716	-36.69043	-49.70731	-18.0856	-29.07687	-11.02884	-16.70203	-13.18073	-11.46524	-18.62482	-12.09351	-7.641174	-16.62555	-9.227478	1.452573	-15.07172	-7.438019	-23.83249
58.68409	-36.82831	-49.69626	-18.02972	-29.10522	-11.01114	-16.66953	-13.18338	-11.3772	-18.67258	-12.15042	-7.659485	-16.64487	-9.273071	1.296698	-15.19629	-7.532349	-23.85785
58.65193	-36.96375	-49.68469	-17.9751	-29.13293	-10.99338	-16.63773	-13.18591	-11.29062	-18.7193	-12.20615	-7.67688	-16.66376	-9.317749	1.144459	-15.31821	-7.624603	-23.88324
58.61901	-37.10608	-49.67078	-17.91824	-29.16177	-10.97385	-16.60461	-13.1886	-11.19955	-18.76788	-12.26407	-7.69397	-16.68341	-9.364349	0.9866735	-15.44498	-7.720581	-23.91107
58.58023	-37.26096	-49.655	-17.84326	-29.18799	-10.97583	-16.5603	-13.17932	-11.12918	-18.80322	-12.3002	-7.707031	-16.69089	-9.391541	0.7755764	-15.56955	-7.793762	-23.9404
58.547	-37.40295	-49.6351	-17.77545	-29.21078	-10.9765	-16.52014	-13.16992	-11.06628	-18.83286	-12.32974	-7.715393	-16.6962	-9.413452	0.5861238	-15.67877	-7.855713	-23.9707
58.51424	-37.54474	-49.61505	-17.7081	-29.2334	-10.97693	-16.48026	-13.16058	-11.00354	-18.8623	-12.35907	-7.723328	-16.70145	-9.435242	0.3981483	-15.78732	-7.917267	-24.00131
58.48415	-37.6781	-49.5957	-17.64542	-29.25452	-10.97681	-16.44312	-13.15189	-10.94464	-18.88968	-12.38641	-7.730194	-16.70636	-9.455597	0.2237308	-15.88831	-7.974548	-24.03073
58.45673	-37.80658	-49.57608	-17.58649	-29.27435	-10.97565	-16.40823	-13.14371	-10.88815	-18.91544	-12.41208	-7.735504	-16.71094	-9.474701	0.06075998	-15.98322	-8.028351	-24.06046
58.43491	-37.87421	-49.58014	-17.51633	-29.25275	-10.97461	-16.39236	-13.15002	-10.82556	-18.98297	-12.47382	-7.669067	-16.70047	-9.503937	-0.1130676	-16.14313	-8.096222	-24.0845
58.41621	-37.9516	-49.57666	-17.45663	-29.24164	-10.97165	-16.37476	-13.1528	-10.76941	-19.03455	-12.52136	-7.62207	-16.69409	-9.527802	-0.2624207	-16.27167	-8.153381	-24.11066
58.39642	-38.0358	-49.573	-17.39243	-29.22968	-10.96832	-16.35583	-13.15579	-10.70886	-19.08997	-12.57245	-7.571167	-16.68726	-9.553497	-0.4224548	-16.40982	-8.214783	-24.13922
58.37947	-38.11343	-49.57007	-17.33508	-29.21896	-10.96509	-16.33893	-13.15848	-10.6543	-19.13943	-12.6181	-7.524994	-16.68112	-9.576477	-0.5645142	-16.53326	-8.269653	-24.16571
58.36576	-38.18668	-49.5679	-17.28409	-29.20947	-10.96164	-16.32388	-13.16086	-10.60498	-19.18341	-12.65869	-7.482697	-16.67566	-9.596985	-0.6893616	-16.64301	-8.31842	-24.19101
58.33442	-38.26038	-49.60065	-17.26224	-29.198	-11.00702	-16.33139	-13.18463	-10.54095	-19.30267	-12.76999	-7.390778	-16.64883	-9.640594	-0.7501526	-16.76169	-8.451813	-24.17529
58.31469	-38.32892	-49.6207	-17.23761	-29.18896	-11.03275	-16.33261	-13.19952	-10.4899	-19.38452	-12.84631	-7.323761	-16.63138	-9.671539	-0.8121948	-16.85788	-8.543396	-24.1745
58.29441	-38.40067	-49.64178	-17.21228	-29.17963	-11.05945	-16.33383	-13.21487	-10.43741	-19.46887	-12.92496	-7.254669	-16.61337	-9.70343	-0.8759155	-16.957	-8.637848	-24.17368
58.27456	-38.47342	-49.66315	-17.18738	-29.1705	-11.08591	-16.33502	-13.22992	-10.38611	-19.55164	-13.00211	-7.186951	-16.5957	-9.73468	-0.9382324	-17.05426	-8.730621	-24.17291
58.25286	-38.55969	-49.68863	-17.16003	-29.16043	-11.11581	-16.33633	-13.24646	-10.33038	-19.64255	-13.08688	-7.112701	-16.57626	-9.769043	-1.006348	-17.1611	-8.832642	-24.17206
58.21802	-38.64951	-49.73407	-17.14084	-29.14529	-11.10342	-16.35147	-13.28766	-10.07281	-19.70676	-13.24509	-6.877899	-16.46277	-9.775238	-0.9837646	-17.19131	-8.898743	-24.14774
58.1936	-38.72836	-49.76984	-17.12564	-29.13452	-11.10013	-16.36136	-13.31589	-9.902466	-19.75745	-13.35571	-6.719482	-16.3876	-9.782806	-0.975708	-17.2218	-8.951965	-24.13184
58.16717	-38.81555	-49.80927	-17.10922	-29.12283	-11.09686	-16.37207	-13.34644	-9.718323	-19.81235	-13.47546	-6.548096	-16.30624	-9.790924	-0.9667664	-17.25482	-9.009674	-24.11441
58.13643	-38.92322	-49.85785	-17.09	-29.10916	-11.09409	-16.38455	-13.38214	-9.503967	-19.8765	-13.61539	-6.348053	-16.21112	-9.800446	-0.9558716	-17.29343	-9.077271	-24.09329
58.11201	-39.02161	-49.90195	-17.07462	-29.09821	-11.09399	-16.39459	-13.41077	-9.333832	-19.92792	-13.72757	-6.188354	-16.13477	-9.808044	-0.9465027	-17.32437	-9.131561	-24.07477
58.03918	-39.21332	-49.98569	-17.10883	-29.04675	-11.14807	-16.29001	-13.35062	-8.84494	-19.70493	-13.73657	-5.91684	-16.0123	-9.750671	-0.8857422	-17.30823	-9.134186	-24.03702
57.97918	-39.4035	-50.0687	-17.12704	-29.00665	-11.18942	-16.22049	-13.31918	-8.441986	-19.56784	-13.78485	-5.668518	-15.89798	-9.713409	-0.8388062	-17.30856	-9.156525	-24.0011
57.92344	-39.58301	-50.14661	-17.14371	-28.96988	-11.22861	-16.15674	-13.29041	-8.073944	-19.4422	-13.82925	-5.441895	-15.79321	-9.679352	-0.7961121	-17.30896	-9.177185	-23.96725
57.87228	-39.7547	-50.22021	-17.15851	-28.93719	-11.26636	-16.1001	-13.26483	-7.749481	-19.33054	-13.86877	-5.242645	-15.70001	-9.64917	-0.7592773	-17.30939	-9.195709	-23.93488
57.79671	-39.94247	-50.35626	-17.13864	-28.8436	-11.26056	-15.90274	-13.12631	-7.344604	-19.07767	-13.77591	-4.893372	-15.43906	-9.515198	-0.7745056	-17.29825	-9.19455	-23.87939
57.73724	-40.1105	-50.46219	-17.1286	-28.77844	-11.26801	-15.76746	-13.03394	-7.034576	-18.8974	-13.72403	-4.639984	-15.25684	-9.424866	-0.7795105	-17.29126	-9.197144	-23.83481
57.67791	-40.27783	-50.56674	-17.11871	-28.71417	-11.27588	-15.634	-12.94281	-6.729462	-18.7196	-13.67288	-4.390747	-15.07712	-9.335785	-0.7849121	-17.28436	-9.199707	-23.79016
57.61283	-40.46182	-50.67966	-17.10815	-28.64536	-11.28574	-15.49115	-12.84531	-6.404266	-18.52921	-13.61819	-4.125488	-14.88461	-9.240448	-0.7919922	-17.27701	-9.202454	-23.74057
57.54679	-40.65057	-50.79068	-17.09805	-28.57959	-11.29889	-15.35461	-12.7522	-6.097687	-18.34732	-13.56604	-3.876343	-14.70065	-9.149414	-0.8022461	-17.26996	-9.205109	-23.68839
57.47218	-40.83554	-50.94583	-17.12384	-28.57495	-11.2612	-15.24545	-12.74023	-5.888153	-18.17084	-13.37363	-3.501282	-14.52631	-9.043396	-0.8140869	-17.12625	-8.993256	-23.61807
57.39005	-41.05261	-51.09778	-17.13684	-28.54501	-11.2468	-15.11737	-12.69431	-5.629944	-17.97958	-13.22482	-3.157104	-14.33542	-8.936035	-0.8311462	-17.02802	-8.853729	-23.54318
57.32954	-41.2114	-51.20688	-17.14612	-28.52362	-11.23798	-15.02588	-12.66153	-5.447205	-17.84299	-13.11856	-2.913177	-14.19901	-8.859375	-0.8449097	-16.95782	-8.753998	-23.48764
57.26098	-41.38937	-51.32437	-17.15591	-28.50104	-11.23245	-14.92923	-12.62686	-5.258514	-17.69864	-13.00638	-2.660309	-14.05478	-8.778442	-0.8637695	-16.88367	-8.64856	-23.42346
57.23201	-41.50967	-51.31351	-17.20493	-28.54514	-11.1705	-14.83386	-12.57446	-5.116394	-17.61865	-12.94666	-2.469757	-14.05045	-8.680664	-0.8279114	-16.68201	-8.437653	-23.34412
57.18981	-41.64191	-51.34464	-17.23541	-28.56335	-11.13849	-14.75165	-12.53467	-4.985962	-17.53101	-12.87988	-2.293701	-14.00543	-8.601685	-0.8186646	-16.54645	-8.287659	-23.27377
57.14838	-41.76813	-51.37405	-17.26419	-28.58047	-11.10947	-14.67422	-12.49722	-4.864502	-17.44846	-12.81702	-2.129608	-13.96295	-8.527344	-0.8114929	-16.41879	-8.146393	-23.20593
57.10162	-41.90247	-51.40509	-17.29373	-28.59808	-11.08246	-14.59467	-12.45877	-4.743286	-17.36365	-12.75241	-1.965179	-13.91931	-8.450958	-0.8082581	-16.28757	-8.001221	-23.13202
57.08	-41.9928	-51.42847	-17.2901	-28.60193	-11.01578	-14.50363	-12.39371	-4.64209	-17.26495	-12.65366	-1.815338	-13.88742	-8.385559	-0.7287598	-16.1293	-7.878662	-23.05823
57.05693	-42.0639	-51.44629	-17.28912	-28.6051	-10.97806	-14.44312	-12.35129	-4.579895	-17.19943	-12.58896	-1.721985	-13.8656	-8.341278	-0.6862793	-16.02444	-7.795593	-23.00113
57.03104	-42.14175	-51.46573	-17.28802	-28.60852	-10.93784	-14.37772	-12.30536	-4.513367	-17.12857	-12.51898	-1.621887	-13.84195	-8.293365	-0.6412048	-15.91104	-7.70575	-22.93842
57.00154	-42.22604	-51.48672	-17.28687	-28.61212	-10.89722	-14.30896	-12.25711	-4.445496	-17.05411	-12.44543	-1.519073	-13.81708	-8.243042	-0.5960999	-15.79184	-7.611328	-22.86996
56.96737	-42.31323	-51.50839	-17.2858	-28.61557	-10.86249	-14.24316	-12.21091	-4.38559	-16.98285	-12.375	-1.426636	-13.79324	-8.194855	-0.5588074	-15.6777	-7.520966	-22.79791
56.96909	-42.34805	-51.50027	-17.2558	-28.58841	-10.78247	-14.14908	-12.13681	-4.330627	-16.93719	-12.33081	-1.384125	-13.80371	-8.180939	-0.5109863	-15.62482	-7.499847	-22.76175
56.95329	-42.40051	-51.50449	-17.23938	-28.57489	-10.73349	-14.07849	-12.08292	-4.28833	-16.8909	-12.28552	-1.339417	-13.802	-8.158691	-0.4801636	-15.56146	-7.460815	-22.71329
56.93876	-42.44684	-51.50851	-17.22525	-28.56326	-10.69196	-14.01764	-12.03644	-4.252686	-16.85095	-12.24649	-1.301788	-13.80051	-8.139526	-0.4543762	-15.50684	-7.427155	-22.67047
56.92292	-42.49426	-51.51328	-17.21146	-28.55185	-10.65274	-13.95819	-11.99106	-4.219421	-16.81198	-12.20834	-1.266785	-13.79907	-8.120819	-0.4307861	-15.45349	-7.394318	-22.62665
56.92062	-42.51978	-51.50238	-17.16858	-28.53491	-10.61441	-13.88565	-11.93051	-4.216553	-16.78009	-12.16995	-1.225403	-13.78644	-8.103241	-0.4225769	-15.41748	-7.365601	-22.58478
56.91486	-42.5441	-51.49512	-17.13193	-28.52121	-10.59012	-13.82849	-11.88223	-4.223999	-16.75668	-12.14059	-1.199127	-13.77527	-8.090027	-0.4239807	-15.3923	-7.344208	-22.54593
56.90833	-42.57083	-51.48752	-17.09253	-28.50647	-10.56427	-13.767	-11.83026	-4.232391	-16.73151	-12.10904	-1.171234	-13.76328	-8.075745	-0.4257507	-15.3652	-7.321228	-22.50363
56.90142	-42.59729	-51.48087	-17.05533	-28.49255	-10.54053	-13.70901	-11.78128	-4.241058	-16.70779	-12.07925	-1.145721	-13.75195	-8.062317	-0.4281616	-15.33963	-7.299561	-22.46262
56.89336	-42.62457	-51.47598	-17.02087	-28.47964	-10.52008	-13.65524	-11.73584	-4.250793	-16.68576	-12.05164	-1.123871	-13.74146	-8.049866	-0.4318542	-15.31592	-7.279449	-22.42215
56.90316	-42.61969	-51.43625	-16.99789	-28.48764	-10.5181	-13.64246	-11.7301	-4.282776	-16.67703	-12.03668	-1.088318	-13.73264	-8.042114	-0.4256897	-15.27185	-7.235901	-22.39426
56.90578	-42.62466	-51.41089	-16.97879	-28.492	-10.51807	-13.62869	-11.72195	-4.309387	-16.66898	-12.0238	-1.06543	-13.72559	-8.035583	-0.4249878	-15.23911	-7.203857	-22.36609
56.9082	-42.63025	-51.38409	-16.95862	-28.49658	-10.51825	-13.61414	-11.71335	-4.33783	-16.66043	-12.01016	-1.041565	-13.71811	-8.028717	-0.42453	-15.20447	-7.170013	-22.33594
56.90987	-42.6369	-51.35809	-16.93869	-28.5011	-10.51901	-13.59976	-11.70483	-4.366577	-16.65207	-11.9967	-1.018799	-13.71078	-8.021912	-0.4247437	-15.17035	-7.136658	-22.30536
56.9097	-42.646	-51.33316	-16.91898	-28.50562	-10.52121	-13.58554	-11.69641	-4.396759	-16.64374	-11.9834	-0.9981384	-13.70346	-8.015198	-0.4266968	-15.13651	-7.103546	-22.27298
56.92088	-42.63748	-51.29593	-16.91397	-28.53192	-10.5321	-13.59091	-11.69687	-4.425507	-16.62894	-11.96286	-0.9668884	-13.6998	-8.014069	-0.4189453	-15.10239	-7.082947	-22.24823
56.92538	-42.63806	-51.26611	-16.90726	-28.55243	-10.54382	-13.59283	-11.69592	-4.455353	-16.61655	-11.94543	-0.9443665	-13.69595	-8.012238	-0.4171448	-15.07159	-7.0625	-22.22028
56.92973	-42.63907	-51.23471	-16.90015	-28.57413	-10.55652	-13.59488	-11.69498	-4.487274	-16.60345	-11.92697	-0.920929	-13.69186	-8.010284	-0.4156189	-15.03906	-7.040863	-22.19025
56.93246	-42.64084	-51.20984	-16.89447	-28.59155	-10.56732	-13.5965	-11.69418	-4.513702	-16.5929	-11.91211	-0.9029236	-13.6886	-8.008698	-0.4151306	-15.01288	-7.023468	-22.16519
56.93357	-42.64413	-51.18762	-16.88916	-28.60767	-10.57849	-13.59802	-11.69345	-4.539429	-16.58316	-11.89841	-0.8877869	-13.68558	-8.007263	-0.4160461	-14.98871	-7.007385	-22.14041
56.94806	-42.62939	-51.14108	-16.89182	-28.62784	-10.58124	-13.60129	-11.69409	-4.551239	-16.57507	-11.88489	-0.9133911	-13.71082	-8.013123	-0.4388123	-15.00375	-7.024384	-22.12985
56.95523	-42.6235	-51.10477	-16.89236	-28.64578	-10.58835	-13.60391	-11.69434	-4.568604	-16.56708	-11.87219	-0.9308472	-13.72763	-8.016815	-0.4578857	-15.00833	-7.032349	-22.11292
56.9619	-42.61783	-51.06909	-16.89291	-28.66333	-10.59543	-13.60651	-11.69458	-4.585815	-16.55927	-11.85974	-0.9482727	-13.74408	-8.020447	-0.4769897	-15.01285	-7.0401	-22.09613
56.96751	-42.61252	-51.03452	-16.8934	-28.68015	-10.60254	-13.60898	-11.69482	-4.602783	-16.55176	-11.84781	-0.9656677	-13.75989	-8.023956	-0.4960938	-15.01718	-7.047546	-22.07959
56.97128	-42.60785	-51.00058	-16.89392	-28.69644	-10.61011	-13.61139	-11.69507	-4.620239	-16.54449	-11.83627	-0.9839478	-13.77512	-8.027344	-0.5162964	-15.02136	-7.054749	-22.06259
56.98451	-42.59619	-50.97269	-16.88675	-28.70541	-10.61179	-13.6051	-11.68665	-4.629028	-16.52756	-11.81531	-1.018982	-13.77594	-8.028015	-0.5062866	-15.00931	-7.061829	-22.05316
56.99034	-42.58862	-50.94855	-16.88187	-28.71326	-10.61533	-13.60098	-11.68085	-4.639221	-16.51514	-11.79959	-1.048462	-13.77805	-8.028839	-0.5053711	-15.0014	-7.067444	-22.0426
56.99603	-42.58096	-50.92398	-16.87689	-28.72125	-10.61896	-13.59683	-11.67496	-4.649658	-16.5025	-11.78366	-1.078522	-13.78021	-8.029663	-0.5046387	-14.99338	-7.073151	-22.0318
57.00186	-42.57254	-50.89676	-16.8714	-28.72998	-10.62311	-13.59225	-11.66849	-4.661377	-16.48865	-11.76617	-1.111938	-13.78256	-8.030579	-0.5043335	-14.98459	-7.079407	-22.01968
57.00637	-42.56458	-50.86996	-16.86609	-28.73849	-10.62762	-13.58783	-11.66223	-4.673431	-16.47519	-11.74924	-1.145355	-13.78482	-8.031464	-0.5052185	-14.97604	-7.085449	-22.00726
57.02136	-42.54523	-50.83145	-16.85773	-28.74976	-10.62766	-13.58429	-11.65573	-4.683441	-16.46606	-11.74026	-1.206268	-13.83228	-8.035828	-0.5120544	-14.98737	-7.108124	-22.00012
57.0308	-42.5296	-50.79858	-16.85083	-28.75903	-10.62885	-13.58145	-11.65039	-4.69342	-16.4588	-11.73322	-1.259491	-13.87238	-8.03949	-0.5210876	-14.99722	-7.127106	-21.99265
57.03988	-42.51422	-50.76624	-16.84409	-28.76807	-10.62997	-13.57867	-11.6452	-4.703186	-16.45166	-11.72635	-1.311676	-13.91162	-8.04306	-0.5300903	-15.00687	-7.145721	-21.98529
57.04885	-42.49838	-50.73285	-16.83719	-28.77734	-10.63126	-13.57584	-11.63989	-4.713409	-16.4444	-11.7193	-1.365417	-13.95184	-8.046722	-0.5397034	-15.01678	-7.164734	-21.97757
57.05705	-42.48248	-50.69897	-16.83026	-28.78662	-10.63272	-13.573	-11.63458	-4.723969	-16.4371	-11.71228	-1.419708	-13.99197	-8.050385	-0.5501404	-15.02664	-7.183746	-21.96951
57.06869	-42.46799	-50.66864	-16.82571	-28.79962	-10.63635	-13.58096	-11.64316	-4.740295	-16.44434	-11.72256	-1.506134	-14.05392	-8.062347	-0.5935669	-15.07883	-7.273499	-21.96323
57.07533	-42.45709	-50.64478	-16.82272	-28.81006	-10.64023	-13.5889	-11.65213	-4.754944	-16.45239	-11.73346	-1.578979	-14.10425	-8.072815	-0.6351318	-15.12561	-7.353699	-21.95755
57.0826	-42.44489	-50.61807	-16.8194	-28.82172	-10.64453	-13.59778	-11.66211	-4.771332	-16.4614	-11.74561	-1.660248	-14.16034	-8.084473	-0.6815796	-15.17776	-7.443054	-21.95117
57.08934	-42.43283	-50.59171	-16.81613	-28.83307	-10.64883	-13.60641	-11.67184	-4.787445	-16.47015	-11.75742	-1.739807	-14.215	-8.095856	-0.7272339	-15.22861	-7.530121	-21.94476
57.09454	-42.42212	-50.56848	-16.81335	-28.8428	-10.65262	-13.61383	-11.68024	-4.801544	-16.47769	-11.76761	-1.808624	-14.26202	-8.105621	-0.7671814	-15.27231	-7.605011	-21.93909
57.10596	-42.40533	-50.54276	-16.80392	-28.84726	-10.66333	-13.63776	-11.69873	-4.820374	-16.50546	-11.78979	-1.904755	-14.30917	-8.117615	-0.8215637	-15.38654	-7.69165	-21.9371
57.11401	-42.3891	-50.51974	-16.79437	-28.84872	-10.67456	-13.6619	-11.71649	-4.837738	-16.53397	-11.81107	-1.990356	-14.34525	-8.127625	-0.871521	-15.49896	-7.762054	-21.93573
57.12161	-42.37354	-50.49774	-16.78525	-28.85016	-10.68527	-13.68494	-11.7334	-4.854309	-16.56113	-11.83133	-2.072021	-14.37967	-8.137146	-0.9192505	-15.6062	-7.829224	-21.93445
57.12974	-42.35666	-50.47379	-16.77539	-28.85168	-10.69684	-13.70981	-11.75171	-4.872253	-16.59045	-11.85324	-2.160309	-14.41684	-8.14743	-0.9709167	-15.72205	-7.901764	-21.93301
57.13709	-42.34079	-50.45117	-16.76624	-28.85312	-10.70758	-13.73297	-11.76874	-4.888947	-16.61774	-11.87363	-2.242615	-14.45145	-8.156982	-1.019226	-15.82983	-7.969299	-21.93161
57.15328	-42.30856	-50.41089	-16.74063	-28.8367	-10.73889	-13.76947	-11.78583	-4.91095	-16.64447	-11.8949	-2.373932	-14.49503	-8.174866	-1.108795	-15.99014	-8.06488	-21.93018
57.16798	-42.27661	-50.37247	-16.71301	-28.81256	-10.77292	-13.79999	-11.79471	-4.927185	-16.65775	-11.90665	-2.485535	-14.52539	-8.191345	-1.192749	-16.11871	-8.138733	-21.92905
57.1823	-42.24542	-50.33499	-16.68613	-28.78912	-10.806	-13.82971	-11.80331	-4.942932	-16.67062	-11.91803	-2.594086	-14.5549	-8.207397	-1.274445	-16.2438	-8.210602	-21.92795
57.19804	-42.21085	-50.29337	-16.65646	-28.76321	-10.84244	-13.86249	-11.81284	-4.960266	-16.68488	-11.93063	-2.713928	-14.58746	-8.225098	-1.364685	-16.3819	-8.289948	-21.92673
57.21315	-42.17719	-50.25275	-16.62784	-28.73819	-10.87747	-13.89413	-11.82205	-4.976929	-16.69864	-11.94281	-2.82959	-14.6189	-8.242188	-1.451874	-16.5152	-8.366516	-21.92551
57.22651	-42.14655	-50.21564	-16.60226	-28.71585	-10.90848	-13.92239	-11.83026	-4.991577	-16.71091	-11.95367	-2.932892	-14.64697	-8.257446	-1.529999	-16.63428	-8.434906	-21.92435
57.24628	-42.10349	-50.1727	-16.54437	-28.65216	-10.95554	-13.95602	-11.84439	-5.016327	-16.73758	-11.97806	-3.077606	-14.68781	-8.281921	-1.619171	-16.69922	-8.484741	-21.9212
57.26139	-42.06848	-50.13614	-16.50119	-28.60547	-10.99146	-13.98303	-11.85519	-5.034851	-16.75751	-11.99631	-3.191193	-14.71973	-8.300842	-1.691772	-16.76071	-8.528625	-21.91873
57.2781	-42.02972	-50.09567	-16.45361	-28.55399	-11.03098	-14.01282	-11.86713	-5.055206	-16.77954	-12.01636	-3.316376	-14.75485	-8.321716	-1.77179	-16.82849	-8.576996	-21.91595
57.29361	-41.99359	-50.05786	-16.40952	-28.50635	-11.06741	-14.04037	-11.87817	-5.073914	-16.79993	-12.03497	-3.432159	-14.78738	-8.341003	-1.845825	-16.89124	-8.621826	-21.91333
57.30867	-41.9585	-50.02094	-16.36716	-28.46054	-11.10205	-14.06686	-11.88879	-5.091522	-16.81952	-12.05283	-3.543121	-14.81863	-8.359528	-1.91684	-16.95151	-8.664856	-21.91064
57.32535	-41.92197	-49.97763	-16.3118	-28.44281	-11.18176	-14.14127	-11.92441	-5.098053	-16.83514	-12.07065	-3.669373	-14.86276	-8.386536	-1.995178	-17.02246	-8.747589	-21.90472
57.33881	-41.89227	-49.94217	-16.26852	-28.42914	-11.24313	-14.19952	-11.95227	-5.102173	-16.84738	-12.08453	-3.767212	-14.89722	-8.407654	-2.05603	-17.07791	-8.812286	-21.89966
57.35199	-41.86331	-49.90753	-16.22635	-28.41577	-11.30295	-14.25638	-11.97943	-5.10611	-16.85928	-12.09811	-3.862579	-14.93082	-8.428253	-2.115356	-17.13196	-8.875397	-21.89471
57.36539	-41.83405	-49.8725	-16.18378	-28.40231	-11.36322	-14.31372	-12.00687	-5.110016	-16.87128	-12.11179	-3.95874	-14.96472	-8.449036	-2.17511	-17.18649	-8.939087	-21.88962
57.37964	-41.80334	-49.83572	-16.13931	-28.38821	-11.42599	-14.37363	-12.03552	-5.113831	-16.88385	-12.12607	-4.058899	-15.00015	-8.470734	-2.237244	-17.24347	-9.005615	-21.88412
57.39356	-41.76971	-49.79776	-16.10342	-28.3793	-11.49182	-14.439	-12.07993	-5.126831	-16.91464	-12.14713	-4.164551	-15.04935	-8.497101	-2.281555	-17.27963	-9.057678	-21.87265
57.40418	-41.74515	-49.77118	-16.08554	-28.37695	-11.53632	-14.48608	-12.12024	-5.14035	-16.94763	-12.16568	-4.236755	-15.09146	-8.517761	-2.297028	-17.28928	-9.082184	-21.85971
57.41464	-41.72095	-49.74509	-16.06796	-28.37466	-11.58011	-14.53238	-12.15988	-5.153625	-16.9801	-12.18396	-4.307739	-15.13287	-8.538055	-2.312225	-17.2988	-9.106293	-21.84689
57.42525	-41.69647	-49.71869	-16.05026	-28.37234	-11.62421	-14.57907	-12.19986	-5.166992	-17.01282	-12.20239	-4.379242	-15.17459	-8.558563	-2.327484	-17.30835	-9.130615	-21.8338
57.43526	-41.67365	-49.69403	-16.03369	-28.37015	-11.66547	-14.6228	-12.23724	-5.179413	-17.04346	-12.21964	-4.446136	-15.21371	-8.577728	-2.341675	-17.31729	-9.153381	-21.82108
57.44506	-41.65176	-49.67047	-16.01788	-28.36807	-11.70468	-14.66449	-12.27295	-5.191101	-17.07269	-12.23608	-4.509705	-15.25098	-8.596039	-2.35495	-17.32587	-9.175079	-21.80823
57.46836	-41.59604	-49.60889	-15.99457	-28.36703	-11.76541	-14.69806	-12.30331	-5.181915	-17.06738	-12.23621	-4.56073	-15.25528	-8.60321	-2.333984	-17.3223	-9.190674	-21.80521
57.48865	-41.5491	-49.55719	-15.97375	-28.36584	-11.819	-14.73148	-12.33319	-5.176544	-17.06857	-12.23926	-4.610992	-15.26532	-8.612091	-2.31958	-17.32111	-9.206604	-21.79849
57.50688	-41.5072	-49.51108	-15.95523	-28.36478	-11.86664	-14.76126	-12.3598	-5.171661	-17.06964	-12.242	-4.65567	-15.27426	-8.619995	-2.30661	-17.32001	-9.220825	-21.79245
57.525	-41.46613	-49.46585	-15.93701	-28.36371	-11.91327	-14.79047	-12.38593	-5.166687	-17.07068	-12.24469	-4.699219	-15.28305	-8.627716	-2.293579	-17.31897	-9.234741	-21.78632
57.54342	-41.42578	-49.42142	-15.91913	-28.3627	-11.95886	-14.81921	-12.41162	-5.161377	-17.07172	-12.24734	-4.741547	-15.29169	-8.635315	-2.280151	-17.31793	-9.248444	-21.77991
57.57551	-41.3446	-49.33453	-15.89349	-28.34702	-12.04636	-14.85376	-12.4303	-5.152802	-17.06342	-12.23972	-4.780945	-15.28931	-8.636597	-2.240112	-17.26993	-9.254822	-21.77356
57.6002	-41.28604	-49.27173	-15.87427	-28.33661	-12.10931	-14.88031	-12.44604	-5.14566	-17.05811	-12.23508	-4.811432	-15.28894	-8.638458	-2.210815	-17.23834	-9.260834	-21.7677
57.62627	-41.22437	-49.2056	-15.85403	-28.32565	-12.17538	-14.9082	-12.46255	-5.138031	-17.05252	-12.23019	-4.843323	-15.28851	-8.640442	-2.17984	-17.20514	-9.267151	-21.76147
57.65171	-41.16455	-49.14142	-15.83444	-28.315	-12.23941	-14.93527	-12.47858	-5.130524	-17.04712	-12.22546	-4.874054	-15.28812	-8.642365	-2.149536	-17.17294	-9.273254	-21.75525
57.68182	-41.09534	-49.06735	-15.81183	-28.30276	-12.31277	-14.96649	-12.4971	-5.121277	-17.04089	-12.22003	-4.908783	-15.28769	-8.644562	-2.113831	-17.1358	-9.280334	-21.74762
57.71976	-40.99588	-48.96912	-15.76389	-28.2688	-12.41809	-15.02386	-12.53665	-5.135529	-17.01633	-12.2135	-4.903381	-15.2742	-8.650787	-1.996735	-17.0018	-9.272125	-21.74695
57.74823	-40.92563	-48.89905	-15.73169	-28.24649	-12.49176	-15.06302	-12.56317	-5.141907	-17.00061	-12.20877	-4.904175	-15.26605	-8.654877	-1.919708	-16.91571	-9.26828	-21.74463
57.7763	-40.85684	-48.83054	-15.70023	-28.2247	-12.56366	-15.10132	-12.58908	-5.14798	-16.98529	-12.20413	-4.904755	-15.25809	-8.658844	-1.844116	-16.8316	-9.264465	-21.74228
57.80236	-40.79428	-48.76849	-15.67163	-28.20493	-12.62872	-15.13608	-12.61264	-5.153107	-16.97134	-12.19992	-4.904724	-15.25082	-8.662476	-1.774719	-16.75519	-9.261017	-21.74002
57.82838	-40.7272	-48.69308	-15.64157	-28.22531	-12.68887	-15.17514	-12.63364	-5.180176	-16.97336	-12.19394	-4.905212	-15.25775	-8.665436	-1.689636	-16.69455	-9.266052	-21.73669
57.85347	-40.66656	-48.6261	-15.61435	-28.24084	-12.74332	-15.2103	-12.65286	-5.202301	-16.97403	-12.18863	-4.904327	-15.26297	-8.668152	-1.611877	-16.63828	-9.269989	-21.73343
57.87719	-40.60934	-48.56302	-15.58871	-28.25549	-12.79462	-15.24344	-12.67099	-5.223145	-16.97467	-12.18359	-4.903412	-15.26788	-8.670746	-1.538452	-16.58527	-9.273712	-21.73026
57.89891	-40.55734	-48.50598	-15.56546	-28.26877	-12.84122	-15.27353	-12.68747	-5.242004	-16.97525	-12.17905	-4.902466	-15.27237	-8.673065	-1.471527	-16.53714	-9.277069	-21.72729
57.92122	-40.50507	-48.44925	-15.54202	-28.28214	-12.88815	-15.30383	-12.70404	-5.260895	-16.97583	-12.1745	-4.901154	-15.27686	-8.675446	-1.403595	-16.48871	-9.280457	-21.72409
57.94485	-40.44406	-48.37753	-15.52716	-28.2821	-12.93155	-15.31152	-12.69809	-5.284515	-16.97705	-12.16461	-4.876831	-15.26514	-8.670624	-1.298004	-16.40744	-9.249756	-21.72067
57.96609	-40.39252	-48.31918	-15.51166	-28.28568	-12.97092	-15.32449	-12.69897	-5.303986	-16.97794	-12.15729	-4.861084	-15.25922	-8.668274	-1.21402	-16.34457	-9.231903	-21.71732
57.98674	-40.34256	-48.26294	-15.4967	-28.28918	-13.00897	-15.33701	-12.6998	-5.322784	-16.97882	-12.15024	-4.845764	-15.25345	-8.666016	-1.13266	-16.28378	-9.21463	-21.71402
58.0085	-40.29034	-48.20471	-15.48108	-28.29282	-13.04865	-15.35004	-12.70068	-5.342255	-16.97974	-12.14291	-4.82959	-15.24747	-8.663696	-1.047546	-16.22052	-9.196655	-21.71039
58.04722	-40.1907	-48.09824	-15.46884	-28.30341	-13.09241	-15.35577	-12.69867	-5.370911	-16.97812	-12.12964	-4.787659	-15.20114	-8.649445	-0.9598694	-16.16068	-9.174194	-21.70215
58.07881	-40.11066	-48.01453	-15.45953	-28.31195	-13.1265	-15.35983	-12.69696	-5.393341	-16.97672	-12.11905	-4.753387	-15.16324	-8.637848	-0.8909912	-16.11459	-9.156616	-21.69507
58.11209	-40.02615	-47.92633	-15.44974	-28.32095	-13.16248	-15.36411	-12.69516	-5.416992	-16.97525	-12.10791	-4.717194	-15.12332	-8.62561	-0.8183289	-16.06607	-9.138123	-21.6875
58.14014	-39.95532	-47.85275	-15.44153	-28.32849	-13.19263	-15.36765	-12.69366	-5.436768	-16.97403	-12.0986	-4.686768	-15.0899	-8.615356	-0.7572021	-16.02542	-9.12262	-21.68097
58.16689	-39.88855	-47.7843	-15.43375	-28.33557	-13.22125	-15.37103	-12.69223	-5.455505	-16.97287	-12.08984	-4.657959	-15.05844	-8.605713	-0.6991272	-15.98715	-9.108002	-21.67438
58.18775	-39.83041	-47.7218	-15.42865	-28.35114	-13.25656	-15.39151	-12.70963	-5.484344	-17.00839	-12.11902	-4.635712	-15.07993	-8.627563	-0.6562195	-16.01434	-9.121582	-21.65784
58.2086	-39.77612	-47.66602	-15.42361	-28.36414	-13.28833	-15.40771	-12.72281	-5.509399	-17.03555	-12.14023	-4.613983	-15.09192	-8.642975	-0.613678	-16.02972	-9.129944	-21.6431
58.23158	-39.71606	-47.60449	-15.41803	-28.37848	-13.32346	-15.42563	-12.73734	-5.537079	-17.06555	-12.16357	-4.590027	-15.10513	-8.660004	-0.5666809	-16.04669	-9.13913	-21.62659
58.25169	-39.66324	-47.5509	-15.41312	-28.39105	-13.35455	-15.44135	-12.75012	-5.561615	-17.09186	-12.18414	-4.569153	-15.11676	-8.674957	-0.5254211	-16.06158	-9.147217	-21.61154
58.27141	-39.6109	-47.49896	-15.40829	-28.4035	-13.38583	-15.45691	-12.76273	-5.586365	-17.11786	-12.20444	-4.548859	-15.12823	-8.689728	-0.4847107	-16.07629	-9.155182	-21.59537
58.30213	-39.52866	-47.418	-15.41354	-28.43567	-13.46466	-15.50925	-12.7789	-5.637024	-17.15915	-12.21423	-4.531525	-15.1246	-8.696991	-0.4712524	-16.09131	-9.161041	-21.56271
58.32301	-39.47229	-47.36389	-15.41507	-28.45566	-13.51453	-15.54062	-12.7905	-5.67038	-17.18729	-12.2244	-4.517792	-15.12552	-8.704437	-0.4541321	-16.10284	-9.166077	-21.53986
58.34171	-39.42166	-47.31555	-15.4165	-28.4736	-13.55951	-15.56882	-12.80093	-5.70047	-17.21255	-12.23352	-4.505554	-15.12634	-8.711151	-0.4387512	-16.11319	-9.170593	-21.51892
58.3625	-39.36542	-47.26263	-15.41803	-28.4935	-13.60968	-15.6001	-12.8125	-5.734131	-17.24057	-12.24365	-4.492096	-15.12723	-8.718567	-0.4216003	-16.12466	-9.175629	-21.49472
58.38796	-39.29791	-47.19025	-15.40549	-28.49911	-13.66312	-15.61926	-12.81226	-5.760254	-17.2627	-12.25122	-4.475159	-15.12915	-8.72937	-0.4461365	-16.18689	-9.202332	-21.46954
58.40762	-39.24603	-47.13513	-15.39191	-28.4985	-13.70361	-15.629	-12.80823	-5.777588	-17.27655	-12.25577	-4.462585	-15.13086	-8.73819	-0.4770813	-16.2478	-9.228455	-21.44736
58.43049	-39.18604	-47.07147	-15.37619	-28.49774	-13.75067	-15.64029	-12.80353	-5.797699	-17.29263	-12.26105	-4.447998	-15.13284	-8.748383	-0.5128174	-16.31848	-9.258728	-21.42136
58.46276	-39.10193	-46.9827	-15.35419	-28.4967	-13.81653	-15.6561	-12.79697	-5.825745	-17.31512	-12.2684	-4.427338	-15.13556	-8.762695	-0.5624084	-16.4173	-9.301117	-21.38409
58.49134	-39.02988	-46.90808	-15.3353	-28.49582	-13.87344	-15.66968	-12.79132	-5.849945	-17.33444	-12.27475	-4.40918	-15.13794	-8.774963	-0.6040039	-16.50226	-9.337494	-21.34937
58.51833	-38.96036	-46.80582	-15.20496	-28.38736	-13.93423	-15.66898	-12.78717	-5.890259	-17.38025	-12.29517	-4.494751	-15.23413	-8.838135	-0.8748169	-16.68124	-9.428558	-21.32343
58.54605	-38.89334	-46.71567	-15.10214	-28.30481	-13.99228	-15.67117	-12.78287	-5.92569	-17.41895	-12.31195	-4.555145	-15.30765	-8.88858	-1.086792	-16.83441	-9.505096	-21.29242
58.5708	-38.83478	-46.63715	-15.01227	-28.2326	-14.04297	-15.6731	-12.77911	-5.956482	-17.45279	-12.32657	-4.607574	-15.37195	-8.932648	-1.271332	-16.96835	-9.572021	-21.26431
58.59609	-38.77835	-46.56244	-14.92566	-28.16302	-14.09149	-15.67496	-12.77548	-5.985504	-17.48538	-12.34073	-4.656952	-15.43387	-8.975159	-1.447449	-17.0975	-9.636536	-21.23444
58.6217	-38.7345	-46.41394	-14.7814	-27.98672	-14.12939	-15.64847	-12.78085	-6.040863	-17.55594	-12.37329	-4.940399	-15.43973	-8.959595	-1.748962	-17.02744	-9.673523	-21.20084
58.64575	-38.69339	-46.3078	-14.67307	-27.86465	-14.16479	-15.6337	-12.78293	-6.080322	-17.60614	-12.39621	-5.116791	-15.46085	-8.962799	-1.971191	-17.02411	-9.713501	-21.16965
58.67101	-38.65414	-46.20444	-14.56674	-27.745	-14.19891	-15.6192	-12.78497	-6.118134	-17.65543	-12.41864	-5.288239	-15.48148	-8.965973	-2.18692	-17.02087	-9.752686	-21.13773
58.70324	-38.61618	-46.09802	-14.45499	-27.61914	-14.23279	-15.60397	-12.78708	-6.154724	-17.70724	-12.44229	-5.463501	-15.50311	-8.96933	-2.407104	-17.01752	-9.793884	-21.09979
58.71269	-38.5863	-45.97586	-14.44315	-27.55798	-14.18842	-15.54391	-12.77805	-6.053131	-17.72101	-12.55688	-5.883789	-15.4437	-9.088501	-2.696869	-17.26733	-10.22549	-21.11761
58.73565	-38.56323	-45.87903	-14.39862	-27.48297	-14.17462	-15.50742	-12.77405	-6.009033	-17.74585	-12.62476	-6.156067	-15.41986	-9.152039	-2.915131	-17.39648	-10.46487	-21.11069
58.76011	-38.55161	-45.80746	-14.36411	-27.4249	-14.1618	-15.47913	-12.77097	-5.971466	-17.76505	-12.67731	-6.360687	-15.40128	-9.201324	-3.076569	-17.49646	-10.65021	-21.10477
58.7873	-38.42215	-45.67044	-14.19318	-27.2056	-14.07599	-15.27267	-12.63489	-5.854645	-17.61017	-12.70752	-6.873596	-15.24878	-9.295837	-3.251923	-17.69458	-11.02451	-21.11893
58.82949	-38.32138	-45.54248	-14.03873	-27.00436	-13.99606	-15.08978	-12.51807	-5.738983	-17.48248	-12.74634	-7.347137	-15.11353	-9.389343	-3.426422	-17.88815	-11.38916	-21.1286
58.86922	-38.24219	-45.43771	-13.90836	-26.83481	-13.92813	-14.93576	-12.41968	-5.639618	-17.37469	-12.77917	-7.740479	-14.99911	-9.468719	-3.56842	-18.0513	-11.69644	-21.13684
58.91619	-38.18445	-45.35013	-13.78934	-26.68015	-13.86441	-14.79538	-12.32993	-5.544434	-17.27621	-12.80917	-8.088623	-14.89447	-9.541534	-3.685913	-18.20013	-11.97668	-21.1449
58.91018	-38.1178	-45.22778	-13.72028	-26.71338	-13.67023	-14.58609	-12.19342	-5.326782	-17.09802	-12.86295	-8.46283	-14.9068	-9.564026	-4.133606	-18.49332	-12.47556	-21.15903
58.92955	-38.08386	-45.15051	-13.65442	-26.69299	-13.55038	-14.4411	-12.09912	-5.183411	-16.97946	-12.89893	-8.735474	-14.88733	-9.594025	-4.386017	-18.68497	-12.80841	-21.16907
58.95611	-38.04825	-45.06024	-13.5744	-26.66827	-13.405	-14.26505	-11.98453	-5.007996	-16.83527	-12.94281	-9.062927	-14.86346	-9.630646	-4.688416	-18.91788	-13.21301	-21.18146
58.9868	-38.03128	-44.99155	-13.50519	-26.64694	-13.27979	-14.11301	-11.88544	-4.853973	-16.71048	-12.9809	-9.338562	-14.84259	-9.662476	-4.940094	-19.1192	-13.56265	-21.19287
58.92662	-38.13458	-45.06293	-13.52399	-26.71722	-13.22409	-14.13162	-11.87192	-4.746307	-16.74374	-13.04181	-9.60611	-14.87411	-9.746918	-5.003265	-19.11813	-13.90765	-21.16177
58.90835	-38.20862	-45.10413	-13.52213	-26.75308	-13.1709	-14.11478	-11.84634	-4.654144	-16.73993	-13.08359	-9.798004	-14.88791	-9.800629	-5.072052	-19.15393	-14.16635	-21.14676
58.89314	-38.2854	-45.14859	-13.52036	-26.78763	-13.12061	-14.09866	-11.82166	-4.564575	-16.73624	-13.12408	-9.980377	-14.901	-9.852539	-5.13501	-19.18845	-14.41592	-21.13171
58.88428	-38.36493	-45.19797	-13.51874	-26.8186	-13.07745	-14.08426	-11.79956	-4.483582	-16.73294	-13.16061	-10.13971	-14.9126	-9.89917	-5.185181	-19.21942	-14.63989	-21.11725
58.84608	-38.42517	-45.17966	-13.55002	-26.87372	-13.08301	-14.0683	-11.76797	-4.45874	-16.7504	-13.22815	-10.29721	-14.93555	-9.959808	-5.411133	-19.34634	-14.82205	-21.10022
58.82958	-38.50079	-45.18707	-13.57727	-26.9173	-13.099	-14.05643	-11.74359	-4.447113	-16.76599	-13.28177	-10.40152	-14.9538	-10.00607	-5.580505	-19.45197	-14.94998	-21.08499
58.81319	-38.58252	-45.19702	-13.60571	-26.96292	-13.1163	-14.04404	-11.71805	-4.434509	-16.78235	-13.3381	-10.50974	-14.97278	-10.0546	-5.756165	-19.56256	-15.08386	-21.06863
58.79689	-38.68823	-45.21579	-13.63971	-27.01743	-13.1384	-14.02933	-11.68759	-4.418762	-16.80206	-13.40552	-10.63608	-14.99533	-10.11252	-5.961151	-19.69461	-15.24359	-21.04822
58.79061	-38.78958	-45.24454	-13.66705	-27.06128	-13.15891	-14.01752	-11.66306	-4.405273	-16.81799	-13.45987	-10.73239	-15.0134	-10.15915	-6.116974	-19.80081	-15.37201	-21.03027
58.72971	-38.93561	-45.1907	-13.78177	-27.17776	-13.14923	-14.00232	-11.63541	-4.401337	-16.922	-13.51605	-10.75967	-15.01724	-10.26233	-6.314911	-19.94006	-15.79462	-21.05746
58.69741	-39.0918	-45.18298	-13.87015	-27.27054	-13.15094	-13.98914	-11.61066	-4.394989	-17.00061	-13.56717	-10.78802	-15.02328	-10.34601	-6.471283	-20.0611	-16.12576	-21.07141
58.6702	-39.23251	-45.17844	-13.948	-27.35226	-13.15277	-13.97751	-11.58884	-4.388855	-17.07001	-13.61227	-10.81177	-15.02853	-10.41974	-6.6073	-20.16782	-16.41772	-21.08374
58.64666	-39.37445	-45.17819	-14.02341	-27.43149	-13.15494	-13.96625	-11.56766	-4.381927	-17.1373	-13.65604	-10.83234	-15.03351	-10.49118	-6.735535	-20.27121	-16.70071	-21.09589
58.62889	-39.53714	-45.18753	-14.10275	-27.51486	-13.15784	-13.95444	-11.54538	-4.372345	-17.20825	-13.70215	-10.84805	-15.03867	-10.56638	-6.862	-20.38007	-16.99866	-21.10938
58.57695	-39.69992	-45.02628	-14.23138	-27.65747	-13.12863	-13.9043	-11.48932	-4.356567	-17.13574	-13.67731	-10.76746	-14.98407	-10.58658	-6.870758	-20.49213	-17.2746	-21.19583
58.55186	-39.87332	-44.9328	-14.33737	-27.77423	-13.10922	-13.86627	-11.44522	-4.338562	-17.0961	-13.6676	-10.6998	-14.94577	-10.61411	-6.881104	-20.59146	-17.52444	-21.26208
58.53023	-40.03867	-44.84778	-14.43637	-27.8833	-13.09085	-13.83066	-11.40399	-4.320526	-17.05908	-13.65857	-10.63489	-14.90991	-10.63983	-6.888672	-20.68433	-17.75809	-21.32477
58.51431	-40.18903	-44.77573	-14.52368	-27.97955	-13.0741	-13.79919	-11.36761	-4.302704	-17.02643	-13.65067	-10.57465	-14.8782	-10.66251	-6.891785	-20.7663	-17.96429	-21.38141
58.50483	-40.3483	-44.70844	-14.6113	-28.07614	-13.05597	-13.76758	-11.33112	-4.281036	-16.99368	-13.64273	-10.50818	-14.84637	-10.68527	-6.887695	-20.8486	-18.17142	-21.44116
58.45412	-40.46292	-44.64157	-14.668	-28.16406	-13.04929	-13.70209	-11.26776	-4.263428	-16.91599	-13.61841	-10.38727	-14.7869	-10.66833	-6.808868	-20.87997	-18.22318	-21.55457
58.43368	-40.58383	-44.6015	-14.71402	-28.23706	-13.03888	-13.64575	-11.21353	-4.235687	-16.84903	-13.59738	-10.26212	-14.7359	-10.65237	-6.713501	-20.90399	-18.25949	-21.66241
58.41333	-40.71771	-44.5596	-14.76401	-28.31638	-13.02704	-13.58438	-11.15451	-4.203979	-16.77621	-13.57455	-10.12408	-14.68036	-10.63498	-6.607605	-20.93011	-18.29907	-21.78098
58.39493	-40.89685	-44.51007	-14.82809	-28.41803	-13.00934	-13.50549	-11.0787	-4.157715	-16.6828	-13.54529	-9.939362	-14.60907	-10.61252	-6.463257	-20.96375	-18.34988	-21.93826
58.39898	-41.06134	-44.47726	-14.88138	-28.50247	-12.98804	-13.4397	-11.01556	-4.106201	-16.6051	-13.52097	-9.767242	-14.54962	-10.59381	-6.322449	-20.99176	-18.39218	-22.08167
58.29992	-41.32593	-44.33682	-14.9682	-28.6777	-12.99042	-13.37631	-10.96994	-4.136444	-16.52161	-13.51462	-9.790436	-14.5408	-10.59708	-6.2677	-21.03772	-18.43903	-22.18277
58.26893	-41.51541	-44.26486	-15.02521	-28.78757	-12.97998	-13.32858	-10.93198	-4.127594	-16.46082	-13.50592	-9.745209	-14.52274	-10.59445	-6.187042	-21.0679	-18.47284	-22.28024
58.23875	-41.7149	-44.19131	-15.08456	-28.90201	-12.96826	-13.27884	-10.89246	-4.11673	-16.39761	-13.49692	-9.696075	-14.50388	-10.59171	-6.10083	-21.0993	-18.508	-22.38351
58.21291	-41.92221	-44.11847	-15.14502	-29.01862	-12.95435	-13.22815	-10.8522	-4.102081	-16.33325	-13.48779	-9.641357	-14.48468	-10.58884	-6.007996	-21.13135	-18.54379	-22.49286
58.13766	-42.2117	-44.05759	-15.27704	-29.18173	-12.96869	-13.17462	-10.8042	-4.192902	-16.28571	-13.47916	-9.640076	-14.48605	-10.59109	-5.933838	-21.17148	-18.5769	-22.61353
58.0815	-42.48108	-44.02576	-15.41144	-29.32492	-12.98367	-13.13446	-10.76532	-4.298035	-16.26059	-13.47324	-9.644165	-14.49835	-10.59552	-5.864563	-21.20483	-18.5993	-22.72803
58.02591	-42.75381	-43.9942	-15.54694	-29.46927	-12.99835	-13.09399	-10.7262	-4.403168	-16.23535	-13.46732	-9.647369	-14.51074	-10.59991	-5.793732	-21.23849	-18.62189	-22.84479
57.97802	-43.00113	-43.96649	-15.66864	-29.599	-13.01065	-13.05765	-10.69104	-4.495941	-16.21268	-13.46207	-9.648254	-14.52185	-10.60385	-5.727997	-21.26877	-18.64212	-22.95261
57.93896	-43.2265	-43.94235	-15.77783	-29.71539	-13.01978	-13.02505	-10.65952	-4.57605	-16.19238	-13.45743	-9.645264	-14.53183	-10.60736	-5.665131	-21.2959	-18.66028	-23.05481
57.87146	-43.47864	-43.90128	-15.83569	-29.77646	-13.04953	-12.99417	-10.63672	-4.742371	-16.19736	-13.46954	-9.644714	-14.53864	-10.61829	-5.649933	-21.33917	-18.6748	-23.15063
57.82465	-43.70712	-43.86691	-15.88535	-29.82889	-13.06964	-12.9675	-10.617	-4.877777	-16.20184	-13.48019	-9.632782	-14.54453	-10.62778	-5.625336	-21.37674	-18.68732	-23.25003
57.77367	-43.96054	-43.82886	-15.94025	-29.88684	-13.09137	-12.93805	-10.59525	-5.026611	-16.20685	-13.49197	-9.618958	-14.55103	-10.63824	-5.597504	-21.41824	-18.70111	-23.36136
57.72746	-44.20071	-43.79272	-15.99179	-29.94128	-13.11075	-12.91043	-10.57477	-5.164917	-16.21152	-13.50308	-9.60437	-14.55713	-10.64807	-5.569916	-21.45718	-18.71408	-23.46945
57.68609	-44.44089	-43.75623	-16.04224	-29.99463	-13.12701	-12.88342	-10.55472	-5.2966	-16.21613	-13.51398	-9.586182	-14.56308	-10.65768	-5.539276	-21.49533	-18.72681	-23.58392
57.63986	-44.63565	-43.67859	-16.15637	-29.97729	-13.13925	-12.83115	-10.53799	-5.448456	-16.22153	-13.54132	-9.598053	-14.57959	-10.67255	-5.52002	-21.52469	-18.70892	-23.70828
57.60462	-44.83438	-43.61456	-16.246	-29.97882	-13.14703	-12.78918	-10.5217	-5.577759	-16.22632	-13.56253	-9.595367	-14.59219	-10.68497	-5.493866	-21.55392	-18.70001	-23.8349
57.57604	-45.00055	-43.5603	-16.32065	-29.98004	-13.15271	-12.75424	-10.50812	-5.684601	-16.23032	-13.5802	-9.592407	-14.60272	-10.69528	-5.471619	-21.57828	-18.69263	-23.94278
57.54792	-45.17447	-43.5014	-16.39813	-29.98135	-13.15665	-12.71799	-10.49402	-5.793457	-16.23447	-13.59857	-9.587738	-14.61362	-10.70602	-5.447601	-21.60352	-18.68494	-24.06064
57.52407	-45.31619	-43.42468	-16.51602	-30.02756	-13.21365	-12.69452	-10.4689	-5.933441	-16.23813	-13.59293	-9.613586	-14.62131	-10.70273	-5.413269	-21.62952	-18.66043	-24.16824
57.50987	-45.42657	-43.35681	-16.60992	-30.06656	-13.2562	-12.67743	-10.4487	-6.038239	-16.24091	-13.58676	-9.631378	-14.62698	-10.69913	-5.383545	-21.6496	-18.64032	-24.26651
57.49498	-45.54581	-43.28311	-16.71112	-30.10855	-13.30157	-12.65897	-10.42697	-6.150696	-16.2439	-13.58014	-9.650269	-14.63309	-10.69525	-5.351349	-21.6712	-18.61859	-24.37378
57.4824	-45.65259	-43.21616	-16.80139	-30.14603	-13.34109	-12.64255	-10.40756	-6.250092	-16.24658	-13.57425	-9.666351	-14.63852	-10.69177	-5.322266	-21.69049	-18.59924	-24.47217
57.47186	-45.754	-43.1503	-16.88651	-30.18137	-13.37643	-12.62708	-10.38925	-6.341919	-16.24908	-13.5687	-9.680084	-14.64365	-10.68851	-5.294037	-21.70865	-18.58099	-24.57068
57.4859	-45.76196	-43.03745	-16.98434	-30.19531	-13.51517	-12.60638	-10.35056	-6.435272	-16.23544	-13.54504	-9.680481	-14.62781	-10.68292	-5.261139	-21.68842	-18.51233	-24.65668
57.49908	-45.77734	-42.93787	-17.06647	-30.20877	-13.62018	-12.5892	-10.31921	-6.509644	-16.22504	-13.52634	-9.67807	-14.61594	-10.67834	-5.231689	-21.67407	-18.45782	-24.74515
57.51149	-45.79135	-42.84518	-17.14224	-30.22119	-13.71658	-12.57339	-10.29028	-6.577881	-16.21545	-13.50906	-9.675568	-14.60498	-10.67407	-5.204407	-21.66083	-18.4075	-24.82788
57.52525	-45.80594	-42.74454	-17.22296	-30.23441	-13.81812	-12.55652	-10.25949	-6.649536	-16.2052	-13.49066	-9.67218	-14.59332	-10.66959	-5.17511	-21.64667	-18.35388	-24.9187
57.53835	-45.81793	-42.65265	-17.29352	-30.24597	-13.9046	-12.54175	-10.23257	-6.710144	-16.19629	-13.47461	-9.667877	-14.5831	-10.66562	-5.149078	-21.63431	-18.30695	-25.00345
57.57069	-45.77319	-42.51605	-17.35168	-30.26361	-13.99356	-12.52826	-10.23895	-6.760895	-16.1778	-13.44916	-9.625885	-14.57098	-10.64212	-5.066498	-21.55908	-18.23499	-25.09799
57.59363	-45.74628	-42.41516	-17.39536	-30.27567	-14.05341	-12.51831	-10.23947	-6.795105	-16.16559	-13.43188	-9.597504	-14.56247	-10.62747	-5.012848	-21.51227	-18.18585	-25.17535
57.61687	-45.71912	-42.3132	-17.43927	-30.28781	-14.11325	-12.50833	-10.23999	-6.829163	-16.15332	-13.41452	-9.568756	-14.55386	-10.61276	-4.958771	-21.46521	-18.13641	-25.25394
57.64129	-45.69077	-42.20657	-17.48468	-30.30038	-14.17444	-12.49799	-10.24051	-6.863739	-16.14063	-13.39655	-9.538452	-14.54495	-10.5975	-4.902527	-21.4165	-18.08521	-25.33691
57.67035	-45.6579	-42.08145	-17.53662	-30.31476	-14.24252	-12.48611	-10.24112	-6.901489	-16.12607	-13.37598	-9.50235	-14.53476	-10.58005	-4.837402	-21.36072	-18.02655	-25.43661
57.70003	-45.60815	-41.95715	-17.535	-30.29709	-14.35782	-12.49527	-10.2796	-6.921967	-16.08191	-13.33453	-9.479279	-14.51471	-10.52936	-4.754913	-21.3092	-17.95865	-25.5498
57.73233	-45.55771	-41.82861	-17.52731	-30.2767	-14.46497	-12.50629	-10.32037	-6.932495	-16.03677	-13.29294	-9.453705	-14.49463	-10.47763	-4.672394	-21.26099	-17.89331	-25.67581
57.76484	-45.50665	-41.69861	-17.51959	-30.25629	-14.57169	-12.5173	-10.36115	-6.942566	-15.99152	-13.25128	-9.427734	-14.47446	-10.42575	-4.5896	-21.21262	-17.82785	-25.80383
57.79557	-45.45822	-41.57486	-17.51239	-30.23724	-14.6698	-12.52753	-10.39917	-6.950806	-15.94931	-13.21243	-9.402771	-14.45566	-10.37738	-4.512177	-21.16751	-17.76682	-25.92703
57.82543	-45.41147	-41.45395	-17.50568	-30.21948	-14.75842	-12.53711	-10.43466	-6.955902	-15.90991	-13.17615	-9.377716	-14.43808	-10.33218	-4.439392	-21.12537	-17.70981	-26.05072
57.84544	-45.42438	-41.31137	-17.54504	-30.25235	-14.86301	-12.62482	-10.50967	-7.019165	-15.88681	-13.10248	-9.345734	-14.3999	-10.24356	-4.293915	-21.06171	-17.57834	-26.14725
57.86841	-45.42056	-41.17328	-17.57169	-30.27197	-14.95108	-12.68948	-10.57089	-7.060547	-15.86185	-13.04202	-9.31427	-14.36877	-10.1705	-4.173523	-21.00714	-17.47214	-26.25922
57.89028	-45.41617	-41.04147	-17.5968	-30.29047	-15.03317	-12.7504	-10.62851	-7.098907	-15.83826	-12.98508	-9.28421	-14.33942	-10.10165	-4.059998	-20.95572	-17.3721	-26.36673
57.91259	-45.41003	-40.90555	-17.62195	-30.30896	-15.11331	-12.81122	-10.68604	-7.135651	-15.8147	-12.92813	-9.253265	-14.31	-10.03278	-3.946533	-20.90427	-17.27209	-26.47916
57.92696	-45.44348	-40.78186	-17.59488	-30.24765	-15.30316	-12.89328	-10.74017	-7.187256	-15.76682	-12.85953	-9.228973	-14.22086	-10.0047	-3.832825	-20.8364	-17.08981	-26.56244
57.93733	-45.47314	-40.67719	-17.56116	-30.18106	-15.46808	-12.96088	-10.78033	-7.224823	-15.72433	-12.8045	-9.20932	-14.13815	-9.993744	-3.74704	-20.78076	-16.93082	-26.63525
57.94737	-45.50174	-40.57501	-17.5285	-30.11646	-15.62778	-13.02634	-10.81927	-7.261108	-15.68317	-12.75113	-9.190155	-14.05792	-9.983124	-3.66394	-20.72681	-16.77664	-26.70667
57.95793	-45.53195	-40.46426	-17.49362	-30.04749	-15.79788	-13.09628	-10.86081	-7.299561	-15.63916	-12.69412	-9.169708	-13.97214	-9.971802	-3.575531	-20.66919	-16.61194	-26.78491
57.96776	-45.56064	-40.35309	-17.45981	-29.98056	-15.96158	-13.16406	-10.90106	-7.336121	-15.59647	-12.63879	-9.149902	-13.88892	-9.960846	-3.490692	-20.61328	-16.45218	-26.86572
57.97142	-45.60486	-40.29257	-17.35904	-29.87555	-16.10867	-13.25378	-10.96561	-7.371643	-15.58035	-12.57471	-9.034149	-13.83316	-9.972809	-3.338654	-20.54657	-16.33395	-26.93332
57.9739	-45.63959	-40.22913	-17.27869	-29.78943	-16.23187	-13.32813	-11.01846	-7.400391	-15.56464	-12.52106	-8.943542	-13.78375	-9.981171	-3.217163	-20.49084	-16.23053	-27.00214
57.9762	-45.6756	-40.16168	-17.19421	-29.69904	-16.36124	-13.40625	-11.07394	-7.430573	-15.5481	-12.46469	-8.848419	-13.73178	-9.98996	-3.089813	-20.43228	-16.12186	-27.07538
57.97769	-45.70825	-40.09674	-17.11502	-29.61432	-16.48227	-13.47943	-11.12592	-7.459015	-15.53256	-12.41187	-8.759735	-13.68304	-9.998108	-2.971405	-20.37738	-16.01996	-27.14609
57.97719	-45.74197	-40.01868	-17.02594	-29.5191	-16.61777	-13.56171	-11.18433	-7.491425	-15.51505	-12.35248	-8.66153	-13.62817	-10.00723	-2.841034	-20.31567	-15.9053	-27.23148
57.97668	-45.7941	-40.01184	-16.92389	-29.43744	-16.68079	-13.73303	-11.26505	-7.531921	-15.54337	-12.37274	-8.505585	-13.6683	-10.08868	-2.510162	-20.17609	-15.76215	-27.2851
57.9725	-45.82993	-39.98471	-16.83963	-29.3656	-16.74698	-13.86188	-11.32941	-7.565643	-15.55878	-12.37518	-8.386719	-13.68457	-10.14435	-2.27124	-20.07208	-15.64578	-27.34604
57.96704	-45.86615	-39.95526	-16.75183	-29.29086	-16.81628	-13.99609	-11.39642	-7.601379	-15.57483	-12.37772	-8.263824	-13.70151	-10.20227	-2.023376	-19.96381	-15.52441	-27.41058
57.95708	-45.90421	-39.91791	-16.65137	-29.20541	-16.89664	-14.14957	-11.47311	-7.644318	-15.59305	-12.38071	-8.126434	-13.72083	-10.26855	-1.743835	-19.83994	-15.38556	-27.48801
57.92522	-46.05038	-39.99921	-16.47504	-29.06116	-16.99194	-14.27628	-11.56494	-7.756958	-15.67798	-12.51901	-8.159821	-13.84607	-10.40176	-1.491486	-19.75879	-15.41736	-27.5275
57.88753	-46.17105	-40.0694	-16.32611	-28.93991	-17.07144	-14.37256	-11.63922	-7.860352	-15.75363	-12.64575	-8.217102	-13.9585	-10.5155	-1.307281	-19.7005	-15.46481	-27.56281
57.84752	-46.29477	-40.14114	-16.17252	-28.815	-17.15421	-14.4718	-11.71582	-7.967896	-15.83163	-12.77646	-8.27713	-14.07428	-10.63275	-1.118256	-19.64041	-15.51364	-27.59949
57.80408	-46.42041	-40.21387	-16.01511	-28.68723	-17.2406	-14.57349	-11.79428	-8.080048	-15.9115	-12.91037	-8.340881	-14.19269	-10.7529	-0.9269409	-19.57892	-15.56357	-27.6377
57.75804	-46.53741	-40.28168	-15.86618	-28.56644	-17.32547	-14.66968	-11.86847	-8.190247	-15.98703	-13.03705	-8.405884	-14.30453	-10.86652	-0.7508545	-19.52072	-15.61072	-27.67526
57.64825	-46.92737	-40.5441	-15.64444	-28.31705	-17.45145	-14.81418	-11.93958	-8.18576	-16.20398	-13.19977	-8.523163	-14.49826	-11.05917	-0.4887695	-19.42877	-15.54904	-27.69995
57.54048	-47.24661	-40.7641	-15.49008	-28.12589	-17.55139	-14.91498	-11.97882	-8.155975	-16.3819	-13.30637	-8.629761	-14.63998	-11.19934	-0.3268433	-19.36343	-15.47229	-27.71509
57.43162	-47.56085	-40.97974	-15.33679	-27.93658	-17.65161	-15.01486	-12.01767	-8.127594	-16.55841	-13.41217	-8.736603	-14.78043	-11.33844	-0.1672058	-19.29865	-15.39618	-27.73016
57.30265	-47.91757	-41.22369	-15.16092	-27.71994	-17.76889	-15.1293	-12.0621	-8.097992	-16.76083	-13.53357	-8.862305	-14.94131	-11.49808	0.01281239	-19.22437	-15.30893	-27.74771
57.16297	-48.27228	-41.46619	-14.98285	-27.50122	-17.89325	-15.2449	-12.10693	-8.075317	-16.96564	-13.6564	-8.99762	-15.10385	-11.65961	0.1866003	-19.14929	-15.22076	-27.76627
57.14082	-48.58646	-41.34076	-14.97379	-27.47586	-18.00293	-15.28894	-12.0282	-8.17746	-17.00217	-13.65479	-9.113831	-15.16156	-11.80801	0.2361211	-19.23218	-15.28336	-27.78564
57.11787	-48.81241	-41.17816	-14.99384	-27.48737	-18.10358	-15.31152	-11.94659	-8.29892	-17.0032	-13.63403	-9.226654	-15.18939	-11.92236	0.2283959	-19.3223	-15.3569	-27.80334
57.09153	-49.05215	-40.99667	-15.01559	-27.50015	-18.2153	-15.33572	-11.85757	-8.432648	-17.00381	-13.61209	-9.351379	-15.21909	-12.04727	0.2172056	-19.42032	-15.43732	-27.82248
57.06259	-49.26605	-40.82101	-15.0358	-27.51239	-18.32309	-15.35791	-11.77438	-8.561157	-17.00391	-13.59216	-9.472534	-15.24625	-12.16422	0.200673	-19.51169	-15.51263	-27.84055
57.02249	-49.45847	-40.63681	-15.05566	-27.52475	-18.4364	-15.37949	-11.69205	-8.696777	-17.00351	-13.57303	-9.603607	-15.27261	-12.28006	0.1703105	-19.60181	-15.58737	-27.85907
57.01715	-49.85239	-40.49194	-15.25592	-27.71301	-18.56622	-15.57059	-11.68362	-9.196228	-17.21579	-13.51691	-9.398041	-15.21844	-12.41125	-0.01766968	-19.73825	-15.82825	-27.91141
56.98377	-50.10693	-40.36084	-15.4057	-27.85373	-18.67871	-15.71295	-11.67664	-9.589905	-17.37418	-13.47586	-9.272858	-15.17801	-12.51093	-0.1917419	-19.84067	-16.00876	-27.95294
56.94782	-50.36832	-40.22034	-15.56281	-28.00131	-18.79816	-15.86176	-11.66922	-10.00229	-17.5401	-13.43369	-9.142517	-15.13541	-12.6163	-0.3762207	-19.948	-16.19812	-27.99695
56.90732	-50.62631	-40.07141	-15.7243	-28.15298	-18.92392	-16.0141	-11.66153	-10.42743	-17.71039	-13.39142	-9.012054	-15.09149	-12.7254	-0.5706787	-20.05823	-16.39279	-28.0433
56.85645	-50.86136	-39.91415	-15.88586	-28.30463	-19.05673	-16.16599	-11.65369	-10.85892	-17.88049	-13.35013	-8.89151	-15.04739	-12.83542	-0.7774963	-20.16837	-16.58755	-28.0928
56.85641	-51.17105	-39.82312	-16.28253	-28.4162	-19.03546	-16.12396	-11.44086	-11.39624	-17.76715	-13.18848	-8.717499	-14.66055	-12.76474	-0.7920532	-19.92773	-16.67682	-27.92529
56.82872	-51.37885	-39.72571	-16.57593	-28.51535	-19.05322	-16.11768	-11.29446	-11.84109	-17.71652	-13.07297	-8.599426	-14.39148	-12.73444	-0.8559875	-19.78168	-16.76773	-27.82465
56.79651	-51.60684	-39.61603	-16.90436	-28.62662	-19.07468	-16.10959	-11.12967	-12.34042	-17.65991	-12.94385	-8.467926	-14.09006	-12.7012	-0.9292908	-19.61829	-16.87006	-27.71033
56.76537	-51.79803	-39.52057	-17.19135	-28.72409	-19.09656	-16.10165	-10.98486	-12.77988	-17.61053	-12.83115	-8.355713	-13.8266	-12.67273	-0.9966125	-19.47559	-16.95993	-27.60672
56.72841	-51.96619	-39.43057	-17.46808	-28.81836	-19.12439	-16.09317	-10.84448	-13.21085	-17.56296	-12.72263	-8.254272	-13.57239	-12.64578	-1.068481	-19.33807	-17.04706	-27.49854
56.59902	-52.36255	-39.80722	-17.75241	-29.12335	-19.06339	-16.41498	-11.0047	-13.67984	-17.90033	-12.99277	-7.268372	-12.91696	-12.58154	-0.9820557	-19.62683	-17.59824	-27.5582
56.49653	-52.63025	-40.01825	-18.00848	-29.33908	-19.04294	-16.61142	-11.06268	-14.10645	-18.09485	-13.12811	-6.640228	-12.43854	-12.53421	-0.9590149	-19.76511	-17.96399	-27.55106
56.40504	-52.86618	-40.21115	-18.23706	-29.53162	-19.02515	-16.78693	-11.11444	-14.48828	-18.26843	-13.24896	-6.078857	-12.01199	-12.49207	-0.9367065	-19.88858	-18.29044	-27.54443
56.30894	-53.11377	-40.43265	-18.48135	-29.73746	-19.00861	-16.9747	-11.16977	-14.89862	-18.45392	-13.37814	-5.477753	-11.55676	-12.44717	-0.9073792	-20.02051	-18.63925	-27.5368
56.21032	-53.37265	-40.54837	-18.7778	-29.90842	-19.09317	-17.32324	-11.24759	-15.05786	-18.73175	-13.63821	-4.962646	-11.55356	-12.5452	-0.8216553	-20.36395	-19.41766	-27.52765
56.14155	-53.56219	-40.67358	-19.00214	-30.0376	-19.16476	-17.58713	-11.30643	-15.18246	-18.94193	-13.83508	-4.57193	-11.55176	-12.61957	-0.7441711	-20.62439	-20.00696	-27.51947
56.05701	-53.79648	-40.83435	-19.27924	-30.19711	-19.25433	-17.91315	-11.37912	-15.33731	-19.20151	-14.07816	-4.090424	-11.54987	-12.71143	-0.646637	-20.94647	-20.73453	-27.50882
55.98676	-53.99979	-40.98651	-19.51718	-30.33405	-19.33353	-18.19321	-11.4415	-15.47156	-19.42432	-14.2868	-3.67749	-11.54843	-12.79034	-0.5579529	-21.22333	-21.35864	-27.49902
55.91787	-54.23251	-41.19632	-19.77896	-30.48456	-19.42722	-18.50128	-11.51007	-15.62228	-19.66928	-14.51617	-3.222504	-11.54718	-12.87711	-0.4447021	-21.52808	-22.04395	-27.48691
55.7173	-54.41742	-41.66797	-20.24344	-30.40448	-20.33231	-18.35611	-11.35779	-15.31238	-18.94406	-14.01407	-3.143555	-11.28268	-12.34891	0.4487337	-21.00137	-21.13031	-27.00717
55.5956	-54.58719	-42.05707	-20.57809	-30.39035	-20.89658	-18.33896	-11.28308	-15.16437	-18.56827	-13.76697	-2.993164	-11.12241	-12.05234	1.034184	-20.75729	-20.74081	-26.71671
55.49879	-54.72897	-42.40286	-20.85583	-30.37857	-21.36588	-18.32504	-11.22144	-15.0426	-18.25696	-13.56219	-2.868805	-10.98792	-11.80524	1.531075	-20.55539	-20.41843	-26.46945
55.41819	-54.87	-42.7804	-21.11618	-30.36743	-21.81155	-18.31223	-11.16391	-14.93176	-17.96564	-13.37054	-2.75119	-10.8606	-11.57281	2.018439	-20.36676	-20.117	-26.22256
55.29059	-55.06232	-42.79623	-21.18326	-29.82578	-21.99121	-17.39392	-10.75003	-14.95432	-17.33246	-12.36917	-2.910919	-11.04459	-10.9035	2.624301	-19.72076	-19.4902	-25.98975
55.20231	-55.24976	-42.99396	-21.28442	-29.43149	-22.22656	-16.7287	-10.43936	-14.95035	-16.81842	-11.60876	-3.000763	-11.15259	-10.37402	3.201711	-19.21844	-18.97772	-25.74277
55.11887	-55.42996	-43.19739	-21.38217	-29.05209	-22.45456	-16.09021	-10.14078	-14.94226	-16.32571	-10.87927	-3.088806	-11.25684	-9.865814	3.762669	-18.73752	-18.48608	-25.50452
55.04019	-55.61664	-43.43808	-21.48138	-28.66867	-22.68982	-15.44617	-9.839478	-14.9306	-15.82935	-10.14429	-3.178619	-11.36246	-9.353516	4.342643	-18.25388	-17.99097	-25.258
54.97939	-55.81583	-43.76505	-21.57898	-28.29315	-22.93307	-14.81665	-9.5448	-14.91733	-15.34464	-9.426788	-3.265411	-11.46622	-8.853088	4.943227	-17.78262	-17.50806	-24.99789
54.62942	-56.30066	-44.17789	-21.31302	-27.96176	-22.7912	-14.47983	-9.225525	-15.42953	-15.72519	-9.209961	-4.128662	-12.87823	-8.986023	5.843479	-17.61041	-17.95853	-24.96774
54.43764	-56.63004	-44.59393	-21.19775	-27.67441	-22.80362	-14.11804	-8.969299	-15.70905	-15.79123	-8.887665	-4.614594	-13.66827	-8.916199	6.536828	-17.38483	-18.06143	-24.85483
54.2347	-56.96646	-45.03751	-21.07819	-27.37558	-22.82419	-13.74304	-8.703888	-16.00458	-15.85962	-8.553558	-5.1203	-14.48694	-8.845337	7.256797	-17.15265	-18.16702	-24.73743
54.02511	-57.30594	-45.52621	-20.95746	-27.07297	-22.8623	-13.36472	-8.43634	-16.31543	-15.92856	-8.216278	-5.636658	-15.31271	-8.775482	7.987577	-16.92026	-18.27234	-24.61548
54.0741	-57.26266	-45.20755	-20.53125	-26.89899	-22.5159	-13.46121	-8.40448	-16.71017	-16.57513	-8.381653	-6.596802	-17.22998	-9.154083	9.6684	-17.18338	-18.27209	-24.84811
54.15849	-57.19357	-44.96594	-20.11566	-26.77243	-22.2095	-13.62439	-8.417725	-17.10031	-17.22577	-8.612335	-7.517303	-19.05389	-9.555237	11.29202	-17.48865	-18.25055	-25.08926
54.23866	-57.12906	-44.74628	-19.72488	-26.65338	-21.92346	-13.77783	-8.43045	-17.46921	-17.83783	-8.832825	-8.385773	-20.76904	-9.932922	12.82466	-17.77237	-18.22705	-25.31989
54.31654	-57.06717	-44.55151	-19.35172	-26.53967	-21.65433	-13.92438	-8.44281	-17.82483	-18.42194	-9.046661	-9.218201	-22.40457	-10.29266	14.29363	-18.04013	-18.20154	-25.54697
54.39513	-57.00519	-44.39438	-18.98819	-26.42886	-21.40076	-14.06717	-8.455109	-18.17804	-18.99033	-9.257904	-10.0336	-23.99384	-10.64114	15.73168	-18.29788	-18.17368	-25.78241
54.42893	-56.68878	-44.4664	-19.0015	-26.49066	-21.04263	-13.81424	-8.330017	-18.55515	-19.2554	-9.041565	-10.69342	-24.2738	-10.86591	15.82217	-18.62939	-18.07043	-25.95679
54.4634	-56.46048	-44.58374	-18.99686	-26.52954	-20.80365	-13.6434	-8.243713	-18.84241	-19.46136	-8.898865	-11.18652	-24.52747	-11.03552	15.95202	-18.8681	-17.99567	-26.11951
54.50421	-56.21255	-44.72183	-18.99167	-26.57181	-20.54828	-13.45825	-8.150513	-19.15335	-19.68466	-8.744171	-11.71948	-24.80145	-11.21942	16.09474	-19.12521	-17.91299	-26.3009
54.54625	-55.98331	-44.87134	-18.98672	-26.61078	-20.31982	-13.28778	-8.065033	-19.4411	-19.89029	-8.601654	-12.20917	-25.05273	-11.38873	16.2302	-19.36038	-17.83536	-26.4751
54.59648	-55.74808	-45.07458	-18.98154	-26.65048	-20.10208	-13.11478	-7.978546	-19.73914	-20.09921	-8.456879	-12.7063	-25.30707	-11.5607	16.37717	-19.59772	-17.7551	-26.66547
54.45963	-55.89868	-45.25046	-18.48181	-26.39175	-20.66788	-13.46347	-8.172577	-20.53775	-19.93723	-8.563232	-13.57941	-25.34454	-11.73257	15.09051	-18.99701	-17.07825	-26.44031
54.37544	-55.98163	-45.50687	-18.12216	-26.20807	-21.08771	-13.70288	-8.306458	-21.14426	-19.83444	-8.630463	-14.2438	-25.38782	-11.86716	14.18309	-18.57477	-16.58636	-26.31967
54.28936	-56.0618	-45.7757	-17.75604	-26.02094	-21.51468	-13.94659	-8.442719	-21.75873	-19.72995	-8.699127	-14.92099	-25.43179	-12.00397	13.24955	-18.14066	-16.08585	-26.19943
54.20143	-56.13892	-46.07468	-17.37927	-25.82822	-21.95728	-14.19745	-8.582977	-22.39011	-19.62259	-8.769928	-15.61951	-25.47696	-12.14462	12.28091	-17.68985	-15.57108	-26.07687
54.08742	-56.23056	-46.59424	-16.86432	-25.56461	-22.58603	-14.5405	-8.77475	-23.26154	-19.47601	-8.867035	-16.58069	-25.53851	-12.33643	10.9537	-17.06815	-14.86838	-25.9032
54.09756	-56.01031	-46.52658	-16.94556	-25.58496	-22.0264	-15.27295	-9.293152	-22.76471	-19.75229	-9.148254	-16.88361	-25.33929	-12.10626	9.9612	-16.66498	-14.82364	-25.55234
54.09057	-55.90051	-46.69696	-16.88858	-25.54474	-21.87592	-15.72095	-9.600372	-22.681	-19.86731	-9.313965	-17.23291	-25.24716	-12.02344	9.197225	-16.3342	-14.66452	-25.32672
54.08872	-55.78156	-46.87918	-16.83105	-25.50418	-21.72	-16.17181	-9.909607	-22.59027	-19.98245	-9.480988	-17.58264	-25.15445	-11.94034	8.430927	-16.00122	-14.50427	-25.09836
54.09685	-55.66049	-47.06537	-16.7793	-25.46771	-21.57544	-16.57642	-10.18704	-22.50058	-20.0853	-9.631104	-17.89142	-25.07132	-11.86603	7.752078	-15.70264	-14.36053	-24.88779
54.15028	-55.49188	-46.86661	-16.72784	-25.39221	-21.25687	-17.12473	-10.48599	-22.56448	-20.22864	-10.11169	-18.45569	-25.07568	-11.93958	6.917591	-15.68909	-14.27039	-24.42987
54.25742	-55.27853	-46.68051	-16.68677	-25.31747	-20.92984	-17.61819	-10.73337	-22.65399	-20.35989	-10.62314	-18.97525	-25.11279	-12.05823	6.241427	-15.78717	-14.22018	-23.92975
54.38088	-55.03287	-46.47464	-16.64063	-25.23447	-20.55908	-18.17136	-11.01068	-22.7529	-20.50839	-11.19724	-19.55496	-25.15451	-12.1955	5.482487	-15.897	-14.1658	-23.36948
54.50266	-54.78564	-46.28662	-16.59735	-25.15738	-20.20575	-18.6897	-11.2706	-22.84186	-20.6489	-11.73578	-20.09283	-25.19373	-12.32813	4.774134	-15.9996	-14.11682	-22.83707
54.63176	-54.50732	-46.1163	-16.55582	-25.0842	-19.85699	-19.18634	-11.51962	-22.91824	-20.78464	-12.25223	-20.5972	-25.23132	-12.45871	4.105887	-16.09741	-14.07181	-22.30176
54.49547	-54.91867	-46.20197	-16.28415	-25.36591	-19.54544	-20.33191	-12.15149	-23.83514	-21.67459	-12.85938	-21.13007	-25.73535	-12.9801	3.271844	-16.55341	-13.92474	-21.65085
54.42625	-55.11511	-46.27332	-16.08112	-25.56851	-19.27438	-21.20831	-12.63315	-24.4975	-22.3392	-13.3421	-21.53387	-26.10883	-13.37289	2.637029	-16.89624	-13.81305	-21.07275
54.35572	-55.31982	-46.3544	-15.86786	-25.78107	-18.98624	-22.12811	-13.13834	-25.19147	-23.03662	-13.8493	-21.95355	-26.50055	-13.78506	1.973045	-17.25626	-13.69553	-20.46164
54.29258	-55.51971	-46.4491	-15.65765	-25.99042	-18.69675	-23.0343	-13.63559	-25.87137	-23.72333	-14.34894	-22.35989	-26.88623	-14.1908	1.325773	-17.61102	-13.57959	-19.84589
54.24517	-55.72464	-46.5867	-15.43851	-26.20844	-18.38385	-23.97873	-14.1532	-26.56876	-24.43814	-14.86877	-22.7673	-27.28778	-14.6131	0.6712484	-17.98053	-13.45862	-19.16461
54.01346	-56.09296	-46.77423	-15.23627	-26.2533	-18.70981	-24.65552	-14.55298	-27.41898	-25.20935	-15.30032	-22.66577	-27.42584	-14.8093	0.05585638	-18.51587	-14.09479	-18.62924
53.87854	-56.37775	-47.00317	-15.06198	-26.3172	-18.88699	-25.27341	-14.91391	-28.10709	-25.86224	-15.6843	-22.62143	-27.58444	-15.00989	-0.4360352	-18.95065	-14.5304	-18.06839
53.73755	-56.68893	-47.26273	-14.8746	-26.3869	-19.08267	-25.94125	-15.30563	-28.85254	-26.56848	-16.10062	-22.56537	-27.75839	-15.22699	-0.9617004	-19.42117	-15.00119	-17.45432
53.61462	-57.00742	-47.54855	-14.69241	-26.4556	-19.27521	-26.59341	-15.68973	-29.57727	-27.25848	-16.50797	-22.49451	-27.93103	-15.43948	-1.458313	-19.88153	-15.46082	-16.83292
53.54237	-57.30463	-47.84937	-14.54129	-26.51331	-19.43155	-27.13617	-16.01056	-30.1684	-27.83279	-16.84735	-22.40845	-28.07687	-15.61682	-1.838287	-20.26538	-15.8432	-16.27353
53.46573	-56.76965	-48.02704	-14.54828	-26.89691	-20.64847	-27.59598	-16.44037	-31.13275	-28.89075	-17.00241	-23.06393	-28.2579	-15.72687	-1.654327	-20.82007	-16.91492	-15.69528
53.45577	-56.53751	-48.37674	-14.50684	-27.19897	-21.58649	-28.11331	-16.86798	-32.0069	-29.8595	-17.22934	-23.44748	-28.43796	-15.86365	-1.579407	-21.35153	-17.82336	-15.00293
53.45945	-56.34467	-48.69846	-14.47269	-27.46347	-22.41342	-28.56479	-17.24493	-32.77109	-30.70612	-17.42813	-23.76166	-28.59436	-15.98132	-1.509399	-21.81384	-18.6127	-14.38605
53.4838	-56.18781	-49.0498	-14.44174	-27.71826	-23.21631	-28.99753	-17.60956	-33.50293	-31.51932	-17.61938	-24.03717	-28.74384	-16.09286	-1.428131	-22.25641	-19.36713	-13.76471
53.42562	-55.85297	-49.2121	-14.51407	-27.81171	-24.88177	-29.80518	-17.48209	-34.26337	-32.81595	-18.15479	-24.43906	-28.73096	-16.38425	-1.104706	-22.82306	-20.30878	-13.05249
53.4234	-55.66055	-49.45865	-14.58661	-27.8645	-26.34921	-30.50677	-17.30872	-34.85754	-33.92505	-18.63385	-24.73395	-28.69601	-16.64087	-0.7591553	-23.29202	-21.08841	-12.37625
53.428	-55.4798	-49.70462	-14.65665	-27.91638	-27.77103	-31.18436	-17.14081	-35.42926	-34.9967	-19.09668	-25.01114	-28.66086	-16.88629	-0.4248962	-23.74234	-21.83945	-11.71878
53.44135	-55.31128	-49.97055	-14.72696	-27.96942	-29.20471	-31.86353	-16.97217	-36.00137	-36.07217	-19.56064	-25.28055	-28.62424	-17.13022	-0.08721924	-24.19168	-22.59109	-11.04858
53.49065	-55.12427	-50.47968	-14.83444	-28.05222	-31.42328	-32.89783	-16.71481	-36.87549	-37.71454	-20.26703	-25.66721	-28.56561	-17.49838	0.4432834	-24.87341	-23.73541	-9.969238
53.61153	-55.06839	-49.51727	-14.74408	-27.95752	-32.96744	-33.86832	-16.88669	-37.8186	-40.00854	-21.35016	-25.71808	-30.00009	-17.58035	0.750223	-25.53992	-24.98477	-9.514832
53.73735	-55.17062	-48.9733	-14.67392	-27.88104	-34.27518	-34.66016	-17.02148	-38.58951	-41.86499	-22.22607	-25.73993	-31.13962	-17.65228	1.027826	-26.08154	-25.99918	-9.019714
53.86407	-55.30362	-48.45508	-14.60217	-27.80066	-35.60519	-35.46652	-17.16144	-39.36987	-43.75443	-23.11517	-25.75546	-32.29996	-17.72531	1.307129	-26.63199	-27.03088	-8.501312
53.98181	-55.47379	-48.07129	-14.53912	-27.72827	-36.7756	-36.17224	-17.28619	-40.04965	-45.40628	-23.88846	-25.75763	-33.31586	-17.789	1.554749	-27.11307	-27.93271	-8.022156
54.11074	-55.73566	-47.86624	-14.48175	-27.66089	-37.85785	-36.81229	-17.40118	-40.66418	-46.90256	-24.58405	-25.73779	-34.23792	-17.84665	1.794106	-27.54901	-28.74976	-7.53775
54.56734	-55.48193	-45.47464	-14.0199	-27.11212	-39.21597	-37.83548	-17.93777	-41.53641	-48.08548	-24.96863	-25.57355	-35.31812	-17.61636	1.333887	-28.28091	-28.73291	-7.230347
54.89224	-55.60217	-44.16739	-13.71667	-26.74683	-40.4744	-38.71878	-18.31448	-42.30042	-49.42285	-25.49057	